0,1,2,3,4,5,6,7,8,9,10,11,12,13,14,15,16,17,18,19,20,21,22,23,24,25,26,27,28,29,30,31,32,33,34,35,36,37,38,39,40,41,42,43,44,45,46,47,48,49,50,51,52,53,54,55,56,57,58,59,60,61,62,63,64,65,66,67,68,69
0.588148390203479,-0.12034317255105197,0.18956347543484253,-0.14005756218464674,0.08598169451508476,-0.016944801821825953,0.08018297894319357,0.14025376721989682,0.06432351539840783,0.09467144318661437,0.005219746842566482,0.10180269031918021,0.0010596579615125845,0.13149088789802854,0.02295287228032331,0.07603790497089634,0.03461418884876227,0.08072132947782953,0.10996623232636465,0.04284000059077199,0.07997803101262844,0.020669001298086995,0.08399128218141703,0.04831843821253041,0.09583652528636187,0.03961437100218604,0.08130499538911919,0.031741071003620835,0.06396928570057235,0.061994187915234596,0.06299010573379948,0.08658560869981705,0.03329458591756831,0.07292833959675425,0.045574292981708286,0.0840287970895265,0.04344170649217975,0.09888550674157276,0.029901359905875988,0.08786064238125703,0.045422754945366205,0.05647137580465161,0.08360709475258074,0.05828635976909585,0.10746983471795833,0.02556133814002886,0.08035128727770112,0.043257530462689146,0.07859811245434857,0.022422820348299004,0.09672109553517129,0.039351335996596605,0.11492344482320034,0.05774360918045789,0.0567760334141668,0.07096481778539838,0.03526987007533264,0.07748435309901526,0.0337592608817622,0.1033997004356933,0.07607961959429399,0.06418331489458166,0.08447554765320096,0.034412607536651756,0.06515588440975875,0.06320556471321813,0.0551881921024616,0.06954588380244232,0.05413653837145662,0.08857859247671104
-0.12034317255105197,0.5881575875828067,-0.12022616609286621,0.1895807880660806,-0.1398794243629066,0.08582832607873737,-0.016971137468400156,0.08027622547254555,0.14030835190144939,0.06446881336329324,0.0946311688021831,0.005393684866916615,0.10164623316563282,0.0010228804602226682,0.13157688463508813,0.023016792677622112,0.07617041293833848,0.03461080697128723,0.0809068838505614,0.10978077496799185,0.04271156945909939,0.07991004285828934,0.020732032581544154,0.08407867769448069,0.04840997414166544,0.09592826213921528,0.03970699666082312,0.0813961090902789,0.031835116852339904,0.06405766877684296,0.06209336262152712,0.06306816112669084,0.08670281486699194,0.03333210716018446,0.07309590512817245,0.04546205509119573,0.08410410893364464,0.04349952610703089,0.0990219354203295,0.029886030771291223,0.08804522808566022,0.04523715357326274,0.05634214134757331,0.08353707736421478,0.05834646306199195,0.10756008075544433,0.02564713711634717,0.08045364071611395,0.04332866413110009,0.07872618031305828,0.022432703541266405,0.09690449041213328,0.039177502796020676,0.11483443822511032,0.05776135892159836,0.05689222026740773,0.07098652995284196,0.03544611466730773,0.0773387419657705,0.03375461034646479,0.10350172130309414,0.07612427056079404,0.0643407035519872,0.08439717899587702,0.034546807721801534,0.06510548539224331,0.06336736500293408,0.055067797527121876,0.06960125976688622,0.054216909157882034
0.18956347543484253,-0.12022616609286621,0.587331295831946,-0.11907999376947463,0.1893562663044816,-0.14011551941267045,0.08421013800836077,-0.016589399125695438,0.07866233147019672,0.1428231599647388,0.061217707332617805,0.09926549849484699,0.003813300571423312,0.09969168366624599,0.0012618308743807959,0.13007144633842474,0.02538257544231892,0.07339669402536766,0.039370389873842754,0.07889430659556461,0.10662452158133646,0.04103758172294606,0.07833626800225078,0.022699612018160148,0.08265857342655476,0.051559091406509355,0.09639243613165133,0.039454407737437816,0.0812687878736129,0.03128096601919056,0.06431141517025075,0.0608824113247865,0.06487978482994342,0.08426629817871867,0.03838025389957859,0.07362322523435393,0.04729224745065067,0.08357139445357492,0.04415478759839066,0.09683751414417578,0.03198900396195063,0.08280880695099226,0.04620460217153343,0.05639880788277815,0.08331319696273622,0.05805492177861672,0.1072936886521519,0.025317736128102283,0.080246274167112,0.04290191608466297,0.0787599537626573,0.021839303464371424,0.09753037425369097,0.03972136545016455,0.1152958652274841,0.05746107071278365,0.05683707901442791,0.07044673926363933,0.03586007918220612,0.07723675145449456,0.03341870192986214,0.10335646758216105,0.07562928533902073,0.06458657359556659,0.08397467524898436,0.03470698724558201,0.06459849123045135,0.0637415954730149,0.0548846562636221,0.06935715807208356
-0.14005756218464674,0.1895807880660806,-0.11907999376947463,0.5869935137880661,-0.1177483808240037,0.1883815682318639,-0.1396518307877544,0.08470746709877527,-0.015563330028801505,0.07866928483232492,0.14384284840295075,0.06057650277945154,0.09880698457780765,0.004338743277179359,0.10019558940276267,0.0023095972509465995,0.13004885035396466,0.02646848783548902,0.07278636611052117,0.03888259181974993,0.07926151057649748,0.10682016915830904,0.042106484683293,0.0781584730403818,0.023905753506039098,0.08203842694675394,0.05201911812815898,0.09712862811749663,0.04016093273152235,0.08210656935317628,0.03187081739332544,0.06533992223638854,0.06097480964404562,0.06611595324293898,0.0834151439624006,0.0373869120661495,0.07341614947503222,0.04790839555827211,0.08426033837775601,0.04492169623962462,0.09728307749734016,0.03278973953557524,0.08152093013181443,0.045693842187074334,0.05690734194893691,0.08405892138238935,0.058759585925896425,0.10813895801844284,0.025896557740647867,0.08130973837240536,0.04295730274733684,0.08027576512808098,0.020377153333606964,0.09669236145592626,0.039660528641281285,0.11622592264274825,0.05763448340181752,0.05828160176794902,0.06926609376395945,0.03586845636195214,0.07808230542936284,0.03378806668066531,0.10465162284818652,0.07498462699814137,0.06569108871749149,0.08355927033641151,0.036037699712300336,0.06360952475035966,0.0642008795317711,0.055542564168609615
0.08598169451508476,-0.1398794243629066,0.1893562663044816,-0.1177483808240037,0.5877637077792132,-0.11887351443265093,0.18649081781487592,-0.13871146277300203,0.08328094483852316,-0.012032139528338185,0.07494234605657606,0.14981731273340446,0.057987370781574135,0.09649500207360759,0.005084294427722029,0.09893879007169844,0.005607792462191425,0.12704512056387798,0.03264370264712467,0.06956748039357084,0.034757005652725374,0.07707414362777235,0.10548478973945705,0.04471998536875362,0.07715034261381976,0.027815246646483036,0.08306396932629294,0.052264836060340616,0.09752578798553804,0.04006666076501381,0.08294288863052215,0.031011169403757432,0.06795493180179474,0.058566229199770455,0.07249949050910759,0.08334505653637672,0.03978395196235255,0.07317135001337756,0.049388338564005,0.08182283533662925,0.048232897201265036,0.09059451780297671,0.03309669401183632,0.0811842216244212,0.04579431892863573,0.05710621902359434,0.08425960075134865,0.05898649304421579,0.10831985350955406,0.026164771063782916,0.08140221273121362,0.043360442463485194,0.07996188593393662,0.020456813767553973,0.0972896711136826,0.03999733153461458,0.11628991047330951,0.05805469494326979,0.05789999184166903,0.069129938066899,0.03608647256507411,0.07817961903174568,0.034149391792825334,0.10447106414373374,0.07529223730701948,0.06557718775028475,0.08393273082530522,0.03575655985619484,0.06372698673105778,0.06439471258478771
-0.016944801821825953,0.08582832607873737,-0.14011551941267045,0.1883815682318639,-0.11887351443265093,0.5890505309224809,-0.1174836904886342,0.18553196645052608,-0.13791148332164602,0.08036436420432319,-0.009331454628198657,0.07024780353410057,0.15212249434111064,0.059702102580088894,0.09569450050426251,0.005736237655836956,0.09622534626556609,0.007687321305136845,0.12217356245132287,0.03547933829173045,0.07283701654246884,0.03649014670303008,0.07778316245648756,0.10339342947150595,0.04510849634447744,0.07415212282346761,0.02679982107167789,0.08259054516573526,0.051677345026799534,0.09729558365920735,0.03915965829391089,0.0832741733523761,0.028819230802479428,0.06948808918410491,0.053611295096438735,0.07292251801697881,0.08144308969610749,0.03975944731517722,0.07169678344927809,0.051117881042830916,0.07892654596374726,0.05345807901503337,0.09081468325042838,0.03356232856279736,0.08091434960527409,0.04535604450372782,0.056681552595409176,0.0837615988020727,0.05862441718196194,0.1077075480808328,0.026068096761483892,0.08051226300363375,0.04415700435704781,0.08020423309368188,0.0199862651942013,0.09666980923489087,0.039880774221160965,0.11541208102361127,0.058803658240199924,0.0580092710706682,0.06863916848439591,0.035870374697555864,0.07740529717847384,0.03453539377745592,0.10381115550950391,0.07553894955924623,0.06477977933027598,0.08452831538982271,0.03549077735158108,0.0633251593950536
0.08018297894319357,-0.016971137468400156,0.08421013800836077,-0.1396518307877544,0.18649081781487592,-0.1174836904886342,0.5884146595117509,-0.11819665333388546,0.184096124618568,-0.13795814459008304,0.07896153699486204,-0.008487193109534101,0.07092308361018647,0.15140370459775218,0.05898187319483068,0.09422621150364918,0.005733785225465464,0.0947213444636238,0.008485833690036047,0.12289681456984988,0.035003192125585565,0.07258321195920327,0.03499279307080956,0.07800728134314323,0.10169862626724749,0.04594452221209854,0.07349101202552313,0.025756384158513796,0.08158747376023442,0.05049382064033675,0.09645289227030095,0.03771445703380954,0.08311626041092633,0.027096580297377403,0.07062492399986822,0.055016474662394295,0.07319029359604914,0.08057449437150145,0.038769939737714455,0.0706379033000547,0.0504533801309624,0.07786417753688397,0.05527575795815558,0.09154033938637858,0.032842283456406746,0.07985792369166107,0.04435765336288656,0.0554840914836193,0.08294133802030158,0.05711802779393739,0.10762827446347628,0.023920743506108837,0.08258281567943812,0.045341008193276654,0.08028401804825104,0.018667779249107314,0.09642396018322899,0.03783403518725315,0.11708533134649635,0.05879323416001125,0.05681150029342454,0.06811592261598927,0.034035434904251524,0.07831863851490395,0.03297055313759079,0.1043996688318858,0.07365361020934852,0.0661809740173342,0.08387772585621567,0.03455856450522074
0.14025376721989682,0.08027622547254555,-0.016589399125695438,0.08470746709877527,-0.13871146277300203,0.18553196645052608,-0.11819665333388546,0.5890804168868277,-0.11844550816341765,0.18580080807518465,-0.1393183174559582,0.0815665967450308,-0.009930912342996475,0.07003352248630208,0.15197838926464208,0.05882408392600963,0.09580598149585741,0.004750440790986817,0.09743634598441824,0.006726113042676111,0.1210656222086308,0.034032711671800386,0.0723965892099114,0.03617626224656862,0.07803702603228659,0.10331755994596424,0.0466353807578508,0.07392411471179189,0.026249786712000706,0.0819001573346745,0.05114898516129091,0.09647826117129735,0.03901414887472719,0.08248395130422594,0.02980903175384099,0.0701665391322829,0.05608311328483118,0.07333569833305817,0.08158218435275567,0.0379231050524088,0.0724240580187722,0.047572384020492964,0.07746159190794595,0.05489516820880245,0.09180613552677437,0.03325688781720171,0.08025584516673151,0.04482831664887618,0.05581868689126882,0.08352517564163714,0.057186267303213606,0.10847049242470666,0.023144478735260304,0.08226299180306927,0.045602851866841376,0.08084388414992377,0.01877274169298453,0.09724393251672528,0.03714546100973738,0.11702329760896205,0.05925973449458065,0.05701628344227121,0.0688436691613673,0.033672859545159944,0.07893900931175084,0.03273809628781543,0.10514846263045596,0.07309538762009639,0.06643390331945644,0.08425236183361724
0.06432351539840783,0.14030835190144939,0.07866233147019672,-0.015563330028801505,0.08328094483852316,-0.13791148332164602,0.184096124618568,-0.11844550816341765,0.5871025532434511,-0.11691869818953027,0.18283074278099976,-0.1358712993824136,0.0810469198208047,-0.011631675319816672,0.06969122559303037,0.15004564967012649,0.06028863466277758,0.09306289458950821,0.00824393632653341,0.09668147575925078,0.004445791461960762,0.11985533920697684,0.032037830224990974,0.07376861660929462,0.03414218060052613,0.0805579594739253,0.10315510051314027,0.04576838157967152,0.07316223563630214,0.025100508512650152,0.08148364860244411,0.04941447716470532,0.09749351577431231,0.03633117352596913,0.08638664419026305,0.031092601677882237,0.07148314426910096,0.055161549110649986,0.07306806904184401,0.07950739531433591,0.03877400164438624,0.06845538255814276,0.04940959072865466,0.07799079569990591,0.05426615217022955,0.09090615124584306,0.03241200468574861,0.0792363689936238,0.044141300501729146,0.05452853598679463,0.08349213137178435,0.0553564130481279,0.11026818695280081,0.02428770716696762,0.08260329029576911,0.044519015392317805,0.08064231626539294,0.017044618576970146,0.09863977279987209,0.037075153702396516,0.11599957753902801,0.05881344470806252,0.05546013868779583,0.06961792488401655,0.03234554085977381,0.0794389887756053,0.03114019285462755,0.10633444030566963,0.0725389109667793,0.06564789433495806
0.09467144318661437,0.06446881336329324,0.1428231599647388,0.07866928483232492,-0.012032139528338185,0.08036436420432319,-0.13795814459008304,0.18580080807518465,-0.11691869818953027,0.5892061069369334,-0.11676653690983943,0.1848814820757756,-0.1384610042484484,0.08089388910287974,-0.010026968095349953,0.07136848706988357,0.15194321044918813,0.06102129713363241,0.09530363091897823,0.005214304158488177,0.0950908037975986,0.0036046366424031706,0.12153497067813566,0.033172135129673444,0.07595871037644425,0.03502083717982051,0.08222682995623923,0.10500088372478898,0.047635163341388,0.07504169194240856,0.02695739932347563,0.08335120239061077,0.05117379174596814,0.09892508104812284,0.03813877828365245,0.08405069764173796,0.03203130849302292,0.0727616655405823,0.057627816588828235,0.07339859641344972,0.08249404273593355,0.03666961868917582,0.06566198298244424,0.048030741596730486,0.07922485285575534,0.056106263931949875,0.09265248359445168,0.034498624857260435,0.08068032309440874,0.04675634600338007,0.05471114025015859,0.08723181345660304,0.051793449785873885,0.1083795585992246,0.024500285113996486,0.08495072761301622,0.044957407156357335,0.08422742140190485,0.014091861441030267,0.0985786336377033,0.039157175352103654,0.11691029848951807,0.0620187156691471,0.05386430785376554,0.07235108347963527,0.03131866628476708,0.0827335670088965,0.028689587534560794,0.10746477615523486,0.07417319412194247
0.005219746842566482,0.0946311688021831,0.061217707332617805,0.14384284840295075,0.07494234605657606,-0.009331454628198657,0.07896153699486204,-0.1393183174559582,0.18283074278099976,-0.11676653690983943,0.5861421474755949,-0.1146631771318562,0.18605170168342497,-0.14005890368188456,0.07950564507263665,-0.013050112438263936,0.07159284620308214,0.1487272280121078,0.0630471379148405,0.09652599345558442,0.003975493976821101,0.09443128490936424,0.0005179165638681204,0.12216475547811434,0.029713370498549902,0.077902063965264,0.03377026090990357,0.08015760184801285,0.10302289171993641,0.0452622029808079,0.07341489970559749,0.024008024555098997,0.08321723545850458,0.04756200015188541,0.10164186415646509,0.04094350400239933,0.08475272564189258,0.03027757218283546,0.07088605977635479,0.055341195526122704,0.07230012142619098,0.07990494946674556,0.040325328378481184,0.06708949685934958,0.04659802590163037,0.07712639780527128,0.05412397225573289,0.09027398299248796,0.032871122154616565,0.07768700461991113,0.04660426976657758,0.050445620349809775,0.09134997845669393,0.054166353115859725,0.10858060519023104,0.021887439459783824,0.08446361063925918,0.04089424786080915,0.08754648894320866,0.014061554536222392,0.09619889585134732,0.0381177316042577,0.11326652960498754,0.06383235244730094,0.05075685709843006,0.07351987375072365,0.027574969149605014,0.0855156545476546,0.027396926014372085,0.1056143293050647
0.10180269031918021,0.005393684866916615,0.09926549849484699,0.06057650277945154,0.14981731273340446,0.07024780353410057,-0.008487193109534101,0.0815665967450308,-0.1358712993824136,0.1848814820757756,-0.1146631771318562,0.5868984257686658,-0.11805097025652989,0.18691139657934744,-0.13753806068198993,0.08314000334739445,-0.011255570060458448,0.07438548351229238,0.14972675641359673,0.05917707897246122,0.09568972177469004,0.003536086254653107,0.09810848320050448,0.0012755005904342659,0.12659961634284836,0.0293748196308201,0.08040088294931523,0.03697017397455581,0.08332094537450485,0.10645028961927408,0.048192161289662167,0.07719662245221424,0.02588925231893624,0.08697502015475836,0.04768006098596237,0.09747393318848531,0.0414554741764258,0.08717294578923847,0.033987824521153016,0.07267728990351717,0.059088606184564574,0.07179790156548546,0.07472896942670287,0.03801009276197271,0.06926022411667651,0.049810731148066986,0.08016951029812863,0.057766382532486525,0.09278283312942232,0.0374438849083811,0.07797010998899229,0.0531340015816907,0.04418998380275336,0.08791325323349873,0.0542555477230215,0.11263827232138396,0.022644687862273676,0.09070687960993382,0.035769614665456535,0.08750334173077515,0.01770005684626588,0.0977894982234137,0.043706592158274396,0.11048428981798288,0.06859825844472683,0.04896543887619633,0.07926343947164254,0.023304378070634117,0.08749145012175695,0.03024182441437653
0.0010596579615125845,0.10164623316563282,0.003813300571423312,0.09880698457780765,0.057987370781574135,0.15212249434111064,0.07092308361018647,-0.009930912342996475,0.0810469198208047,-0.1384610042484484,0.18605170168342497,-0.11805097025652989,0.5894873014315423,-0.11716201346935488,0.18559995926060655,-0.13821472170373555,0.08076544579220538,-0.01071435710441442,0.07080407412650092,0.15282016148268782,0.06163148665154156,0.09698957998183214,0.0028846508342678357,0.09647021396492493,0.0001761832790335635,0.12468799513928201,0.027925661317812205,0.07910099666358583,0.035604827526477124,0.08211477194716786,0.10494175524514691,0.04725473851043333,0.07514604127265076,0.025767101994033585,0.08360797151325014,0.04924302863790229,0.09603832603391721,0.040696549580713434,0.08504350945735294,0.03460096996302979,0.06958073674178002,0.06275517074690959,0.07353373988832562,0.07575222646691868,0.03716276309952447,0.06798004210247516,0.04859172281146025,0.07871735714928355,0.05675334503386078,0.09096843769043178,0.03729204966227113,0.07536873485811828,0.055588514745418614,0.045407181294567465,0.08756957640474514,0.05259408875034205,0.11232761815750346,0.020139338614183995,0.0927824374264094,0.03585631119460288,0.0860572492090003,0.0170668406743147,0.09555448252599004,0.0448195812553143,0.10857864367500686,0.06931365873765293,0.046667444839762144,0.08097389739372855,0.022519596757295365,0.08634860101714353
0.13149088789802854,0.0010228804602226682,0.09969168366624599,0.004338743277179359,0.09649500207360759,0.059702102580088894,0.15140370459775218,0.07003352248630208,-0.011631675319816672,0.08089388910287974,-0.14005890368188456,0.18691139657934744,-0.11716201346935488,0.5886795539176577,-0.11805505555918518,0.18385524367506234,-0.13830781975197967,0.07902519528939418,-0.009915580062034144,0.07176836511570606,0.1523559727112094,0.06138373523149673,0.09521179538698962,0.003084788908505435,0.09444424630366202,0.0010823268568073048,0.12385893330311389,0.02665466183946161,0.07787476792700401,0.03417338100786644,0.0810708678932651,0.10321416145755487,0.04699194478623832,0.07312460103117756,0.026970116293568522,0.08531247880585996,0.04950197854999721,0.09499257803376168,0.03945716736255947,0.08382711986462589,0.03370534252687923,0.06847628502329188,0.06494918169307949,0.07442218528235132,0.07487703497594314,0.03587730541513905,0.06676485325957386,0.047134613251242845,0.07771854136429963,0.054920792417046956,0.09086985850251388,0.034679183318245196,0.07788610630284915,0.05702094146651341,0.04548753099429897,0.08596282355179856,0.052294456118691386,0.1098361949781777,0.02217716770411175,0.09277352763657536,0.034399069380189835,0.08542059682761519,0.014833654120358645,0.09666607057672762,0.04291512935592458,0.10929483092448591,0.06701907372483079,0.048372891059138015,0.08018239791799699,0.021384780222343427
0.02295287228032331,0.13157688463508813,0.0012618308743807959,0.10019558940276267,0.005084294427722029,0.09569450050426251,0.05898187319483068,0.15197838926464208,0.06969122559303037,-0.010026968095349953,0.07950564507263665,-0.13753806068198993,0.18559995926060655,-0.11805505555918518,0.5891677762466322,-0.11831387092266273,0.18534541799723667,-0.13934813985660532,0.08164633151845534,-0.011521541196222783,0.07000515734770861,0.15142141280614496,0.06109554172723996,0.09634506616133592,0.0029859303233983033,0.0960341593666163,0.0016845750917628825,0.12418938268256646,0.02704502110380024,0.07808112287243883,0.034728357294210505,0.08098657327729679,0.10442846745766922,0.0462664179880879,0.07576866768687615,0.026642905703591173,0.08633880076254494,0.04957410661425888,0.09586913278656073,0.03857896491360138,0.08546241868952162,0.03090784713865594,0.06823260663708537,0.06464447527044213,0.07461901539527203,0.07518906028503942,0.036177938144589805,0.06711920287349982,0.04738884380859885,0.07815652495503747,0.05497923308566743,0.09150359833193658,0.034101912439819755,0.0776730510880115,0.0572739401856002,0.04591697145024377,0.08604343426785857,0.05291474414083898,0.10931189854207037,0.022117864324997055,0.0931239267242005,0.03455307754907559,0.08596974000931662,0.014559997805579475,0.09713414235866537,0.04273990148997101,0.10986005582148052,0.06659737762254736,0.048562783935295915,0.08046601900025914
0.07603790497089634,0.023016792677622112,0.13007144633842474,0.0023095972509465995,0.09893879007169844,0.005736237655836956,0.09422621150364918,0.05882408392600963,0.15004564967012649,0.07136848706988357,-0.013050112438263936,0.08314000334739445,-0.13821472170373555,0.18385524367506234,-0.11831387092266273,0.5872895909083189,-0.1167117900952917,0.18258673530489505,-0.13565561338988227,0.0807047590285057,-0.013939006634264551,0.06872225987607837,0.14947992912612906,0.06256009085491192,0.09439238492533678,0.005608808924846899,0.09596253765118325,0.0009037720078529244,0.12351706776725058,0.025977978819078713,0.07776079102203137,0.033063261894303725,0.08212222476379753,0.10177059885015129,0.05035218705231591,0.07694702030842228,0.02803983992340397,0.08547027670029943,0.049440145938897416,0.09376992284379991,0.039616131039058367,0.08129254332568328,0.03262550786157698,0.06869495985627079,0.06407206357200398,0.07380422215938617,0.07442521826173186,0.03525508782319151,0.06649943586822746,0.046219529233616094,0.07813310293239475,0.05332249693992303,0.09313748311965789,0.03516226156310077,0.07803241578894236,0.056300116847840434,0.045735966373636715,0.08448181538699603,0.054172878102970744,0.10923667998855358,0.02119042239340081,0.09271978235918421,0.033145565528958885,0.08666998425315568,0.013359411428375476,0.09758653408994056,0.041294805303029564,0.1109323171335666,0.06609315621172228,0.04785271309841775
0.03461418884876227,0.07617041293833848,0.02538257544231892,0.13004885035396466,0.005607792462191425,0.09622534626556609,0.005733785225465464,0.09580598149585741,0.06028863466277758,0.15194321044918813,0.07159284620308214,-0.011255570060458448,0.08076544579220538,-0.13830781975197967,0.18534541799723667,-0.1167117900952917,0.5889988638029903,-0.11595828057830551,0.18455525404973785,-0.13842939617523087,0.07930168562327944,-0.01468083296789666,0.07032828425207237,0.15048764133866085,0.06463817396793134,0.09513175283224203,0.007153095268454091,0.09768996313312875,0.0026475984937706196,0.1252835410766602,0.027702914937056528,0.07953282993362051,0.03465769284322432,0.08351883949943086,0.10332794254471264,0.0481607607753619,0.07777584154976235,0.02924545467480047,0.08775321176956757,0.049803751801499145,0.09650133302691447,0.037786846609771226,0.07866341923743259,0.031338424660380663,0.06985128067956256,0.06579518922025657,0.0754392693790314,0.07637915006193932,0.03660669859174228,0.06894854374811363,0.04638893346191096,0.08163505543957846,0.049984493768252265,0.09136271876886916,0.035348763475759125,0.08022879612803334,0.05671027440400103,0.049092430480818953,0.08171814789294449,0.054118459238757625,0.11118648920383717,0.02204326816910367,0.09572095051323082,0.03165136730274961,0.08922911366534786,0.012397884777822145,0.1006712774483522,0.03900035464887206,0.11199089412948456,0.06762316270158694
0.08072132947782953,0.03461080697128723,0.07339669402536766,0.02646848783548902,0.12704512056387798,0.007687321305136845,0.0947213444636238,0.004750440790986817,0.09306289458950821,0.06102129713363241,0.1487272280121078,0.07438548351229238,-0.01071435710441442,0.07902519528939418,-0.13934813985660532,0.18258673530489505,-0.11595828057830551,0.5857788135276331,-0.11319648844644886,0.18503250440378974,-0.1401780740493174,0.07837226677588767,-0.017506459468774375,0.07130565334972704,0.14740503482275263,0.06694260845072449,0.09425520037020456,0.005454252257251866,0.09609381169815073,0.0006349981843667767,0.1240580638294757,0.02507430126676909,0.0798678851826515,0.031206540940467046,0.08689761756314854,0.10567565965148215,0.049161846263466945,0.07625844230623373,0.027920848828970012,0.08541202181176735,0.049446539649254176,0.09317775627879883,0.040915088255240185,0.07980678437819645,0.030150233216492798,0.0681198274429581,0.06416177707678074,0.07347700316436974,0.0750408472520898,0.03413423649344959,0.06883643078749145,0.04286922522723689,0.08504607264307087,0.051994544171778054,0.0916341435796191,0.033208151601436094,0.0798299234334831,0.05336374273179952,0.05181954032825486,0.08166933572921752,0.05215362974962599,0.11032863018328219,0.019039501871717216,0.09721591238347503,0.02908962747238879,0.09019295639321709,0.009312123128542859,0.10296380984685892,0.037932904267375105,0.11046723556063141
0.10996623232636465,0.0809068838505614,0.039370389873842754,0.07278636611052117,0.03264370264712467,0.12217356245132287,0.008485833690036047,0.09743634598441824,0.00824393632653341,0.09530363091897823,0.0630471379148405,0.14972675641359673,0.07080407412650092,-0.009915580062034144,0.08164633151845534,-0.13565561338988227,0.18455525404973785,-0.11319648844644886,0.5870360443400385,-0.11729740671440414,0.1840192082177397,-0.14071122464869454,0.08210595535720354,-0.016630166516918194,0.07583097257720993,0.14720163672453523,0.06955146413158966,0.09755645250343045,0.008723494214595316,0.0996165032671172,0.0036804061127181284,0.12791692322857676,0.027106680701609227,0.08364470321639697,0.031564619382611354,0.08260695630804012,0.10629123599349077,0.05164275065389992,0.08013049151584137,0.02967335817609505,0.08939017849429909,0.04868192347047252,0.08786396650860372,0.03852063996170894,0.08204380288299074,0.03346291001904212,0.07125809011949043,0.0679175832833303,0.07606487110804946,0.07975535258511005,0.034428929508479984,0.07556931219498085,0.03642164790998654,0.08151324331162223,0.052108449755657156,0.09582124904187993,0.033989597995662625,0.0862687180605036,0.04807725717528822,0.05177010268108379,0.08542079177540873,0.053793685166104,0.11609197165246145,0.016170376843394202,0.10213058823801108,0.02724235325062485,0.09611591191565215,0.00490801983349089,0.10500090772835165,0.04086698595206576
0.04284000059077199,0.10978077496799185,0.07889430659556461,0.03888259181974993,0.06956748039357084,0.03547933829173045,0.12289681456984988,0.006726113042676111,0.09668147575925078,0.005214304158488177,0.09652599345558442,0.05917707897246122,0.15282016148268782,0.07176836511570606,-0.011521541196222783,0.0807047590285057,-0.13842939617523087,0.18503250440378974,-0.11729740671440414,0.5907236903774706,-0.11447964825534934,0.18551132899963438,-0.14162632650240597,0.08021550646923387,-0.018088738605343293,0.07368426345819533,0.1454409033649947,0.06792570770169098,0.09585839455072943,0.007192768654118479,0.09776771651526381,0.002436636535860715,0.1255055403884163,0.026786590996098734,0.0798290063534025,0.033534915915665445,0.0809577169418172,0.10531534044995591,0.04905361753605395,0.08073760349850506,0.02598808588866783,0.09356338516984745,0.050896619662652666,0.08913388627611948,0.0374567847322043,0.08043972369546865,0.031936259896397395,0.06943862003430762,0.06664985681378252,0.07379047834906961,0.07956984162650939,0.031169316053512235,0.07864947827764977,0.0379652991744178,0.08112003902472466,0.050032041983806626,0.095433078847235,0.030852506926629678,0.0888653386452272,0.04817744686117198,0.049957679635807044,0.08462729368537672,0.05099416222893372,0.11748602992942364,0.013783381564417512,0.10302680090007865,0.02436407971895433,0.09825806960009109,0.0039243755401460545,0.10357002879562655
0.07997803101262844,0.04271156945909939,0.10662452158133646,0.07926151057649748,0.034757005652725374,0.07283701654246884,0.035003192125585565,0.1210656222086308,0.004445791461960762,0.0950908037975986,0.003975493976821101,0.09568972177469004,0.06163148665154156,0.1523559727112094,0.07000515734770861,-0.013939006634264551,0.07930168562327944,-0.1401780740493174,0.1840192082177397,-0.11447964825534934,0.5915158552082537,-0.11406236679652736,0.18306877496663057,-0.14228389889467113,0.07723749142815041,-0.018066191390255316,0.07192115113028213,0.14324015906427862,0.06574187184738874,0.09352029792263085,0.005145019823601664,0.09522828399084388,0.0010108066252139491,0.12306523974597308,0.026364776787004683,0.08268214948584414,0.033056823472679915,0.07931621884310776,0.1026997532832711,0.04795929363265937,0.07799876047044023,0.026688828451421707,0.09708553201641291,0.05249741796846931,0.08764450379784156,0.03524979800619032,0.07834858242609057,0.029434008372402114,0.06771378334751464,0.06350936441525439,0.0735919925690127,0.07508426132612345,0.03546274204245191,0.08099473227514367,0.037872404413137065,0.07832802570303095,0.04951093139377169,0.09114242609537125,0.03437634380601155,0.08890211158791146,0.045678342094177475,0.048865067447053094,0.08078717257228246,0.05290588323102905,0.11421139035722178,0.015014167465261708,0.09908026744578817,0.02729868375484492,0.09690104419373727,0.001969108786807906
0.020669001298086995,0.07991004285828934,0.04103758172294606,0.10682016915830904,0.07707414362777235,0.03649014670303008,0.07258321195920327,0.034032711671800386,0.11985533920697684,0.0036046366424031706,0.09443128490936424,0.003536086254653107,0.09698957998183214,0.06138373523149673,0.15142141280614496,0.06872225987607837,-0.01468083296789666,0.07837226677588767,-0.14071122464869454,0.18551132899963438,-0.11406236679652736,0.5917356530730367,-0.11535862307849692,0.18272183673508924,-0.1438638986967605,0.07725212280284169,-0.019000509169256483,0.07075421360079713,0.1420822920601555,0.06450186065154075,0.0924349013963402,0.0037977120340109295,0.09447392206205289,-0.00028498869338174006,0.12284590820909835,0.027877816634829782,0.08243024556458005,0.032186131627320876,0.0779301247488646,0.10211774077463977,0.046509086671838624,0.07836580553083367,0.02855691433468095,0.09793424207309318,0.05170763272099855,0.08647422372704554,0.03414095469293584,0.07702173577675152,0.028519411318704665,0.06604849105510692,0.06340416606754912,0.07121346134339018,0.07736094973003017,0.036706538962634275,0.08094587659037472,0.03639196554914093,0.07805171247274488,0.047235786432180286,0.09301093726903738,0.03439575221844251,0.08757692765526245,0.04509897114369209,0.046828809554950154,0.08180087893077494,0.051169476537285145,0.11486402667710242,0.012921484948158759,0.1006363635363012,0.026579102141388013,0.09586425359584677
0.08399128218141703,0.020732032581544154,0.07833626800225078,0.042106484683293,0.10548478973945705,0.07778316245648756,0.03499279307080956,0.0723965892099114,0.032037830224990974,0.12153497067813566,0.0005179165638681204,0.09810848320050448,0.0028846508342678357,0.09521179538698962,0.06109554172723996,0.14947992912612906,0.07032828425207237,-0.017506459468774375,0.08210595535720354,-0.14162632650240597,0.18306877496663057,-0.11535862307849692,0.58972955217793,-0.1138814408807393,0.18069663505947217,-0.14120106007312355,0.0771539530111525,-0.019824897788222568,0.07004019673665896,0.14096535500486562,0.06414711126871997,0.09070796600854711,0.004929930161095826,0.09174064348328999,0.003856427946277845,0.12408327677126808,0.029288954542658816,0.08152488797766619,0.03201236801187195,0.07578338756808048,0.10313102060856869,0.04228632154802215,0.08016029455104262,0.02904937557077,0.0973316685150352,0.05084865016087677,0.08566863553671794,0.033168017489969566,0.07636769050398301,0.027287067001331794,0.06602184824030798,0.061657606749051436,0.07293404858462596,0.07847119586204485,0.03706999228836082,0.07991701089541756,0.03620069855661495,0.07640452320526894,0.048563829186100124,0.09293511322280588,0.033418199472083944,0.08715089493697956,0.04361472477498543,0.04756724745302225,0.0805348526860052,0.05164648142296693,0.11334009122271958,0.014052335647300126,0.100104922411192,0.025830060200347307
0.04831843821253041,0.08407867769448069,0.022699612018160148,0.0781584730403818,0.04471998536875362,0.10339342947150595,0.07800728134314323,0.03617626224656862,0.07376861660929462,0.033172135129673444,0.12216475547811434,0.0012755005904342659,0.09647021396492493,0.003084788908505435,0.09634506616133592,0.06256009085491192,0.15048764133866085,0.07130565334972704,-0.016630166516918194,0.08021550646923387,-0.14228389889467113,0.18272183673508924,-0.1138814408807393,0.5902436401633723,-0.11205615230746283,0.18083559305653488,-0.14005688598148108,0.07854162771773042,-0.018441881026124318,0.07150056586280326,0.14228035264068165,0.06570358377081824,0.09170317761195113,0.006363680064997519,0.09225472140888112,0.0020671134757134484,0.12447650315245887,0.03030723636478638,0.08322065357857335,0.03260216691215688,0.07762803610603165,0.10243034122115768,0.040092856011866,0.07914472897631299,0.029985925536967408,0.09872141802184464,0.052165930574248315,0.08724437033761255,0.03425515206949856,0.07834469386845135,0.02741497490470809,0.06884639662709763,0.058956875812934,0.07146862556868629,0.07855275205510913,0.03883147199523617,0.08024582336892508,0.0389038564096127,0.07418303861504791,0.04853547165878527,0.09450852947499033,0.03410617749164837,0.08956963491846705,0.04241058088068799,0.04962979317090182,0.0797597041032758,0.05413232943660794,0.11149150410172577,0.014906671829766698,0.10133685337470731
0.09583652528636187,0.04840997414166544,0.08265857342655476,0.023905753506039098,0.07715034261381976,0.04510849634447744,0.10169862626724749,0.07803702603228659,0.03414218060052613,0.07595871037644425,0.029713370498549902,0.12659961634284836,0.0001761832790335635,0.09444424630366202,0.0029859303233983033,0.09439238492533678,0.06463817396793134,0.14740503482275263,0.07583097257720993,-0.018088738605343293,0.07723749142815041,-0.1438638986967605,0.18069663505947217,-0.11205615230746283,0.5882688171912984,-0.10893008112584229,0.18096002092517194,-0.14072632842637514,0.07799958501525124,-0.01943642076912296,0.0713621949953352,0.14059637789004711,0.06722798570697373,0.08882315314055059,0.011287682739294012,0.09332073398814755,0.0037903827042545194,0.12363585383251653,0.03045877202144998,0.0808468249963724,0.03416537653934109,0.07257050464279292,0.10406004708928,0.0404538405401637,0.07863919708590676,0.02927668027248791,0.09805916187673558,0.05136293255854403,0.0867103758116617,0.03323412390267489,0.07834038019272128,0.02597262169102636,0.07028436325924399,0.05994257953801042,0.07190835844956894,0.07772344017820008,0.03867758415572697,0.07889373051964413,0.039985205114081886,0.07408893552360436,0.04772662188732852,0.09415649117341068,0.03288428740354037,0.09017738353698274,0.041368217040006226,0.05002293751994575,0.078505647228725,0.05506209250979576,0.11105155993976606,0.014292384608611788
0.03961437100218604,0.09592826213921528,0.051559091406509355,0.08203842694675394,0.027815246646483036,0.07415212282346761,0.04594452221209854,0.10331755994596424,0.0805579594739253,0.03502083717982051,0.077902063965264,0.0293748196308201,0.12468799513928201,0.0010823268568073048,0.0960341593666163,0.005608808924846899,0.09513175283224203,0.06694260845072449,0.14720163672453523,0.07368426345819533,-0.018066191390255316,0.07725212280284169,-0.14120106007312355,0.18083559305653488,-0.10893008112584229,0.5874866717635393,-0.1073946890757597,0.1830775929350016,-0.13865483141367085,0.08031838967354904,-0.017584188882819884,0.07402787666799412,0.1414909396897349,0.07009722525973776,0.08799729383650823,0.008494067695819445,0.093325177182021,0.005453057158505863,0.12592167504178312,0.03200931232344692,0.08289794331275102,0.03477608802441171,0.06904535675418813,0.10255045614463389,0.04189972898038228,0.08077201641697597,0.031295167625621054,0.10047704680300662,0.053024854521994555,0.08974820357248899,0.03341144030499942,0.0826754267359887,0.021809286681039392,0.06796135670127691,0.05991786952674954,0.07458998074144248,0.07822372817400251,0.042817520748790895,0.07550076887220787,0.039975490924942764,0.0765054526134114,0.04878273850773796,0.09786459153097811,0.03103842241750369,0.09333954186741976,0.04017937416337469,0.05383337918369317,0.07567290808728985,0.05637445161858798,0.11293768969218841
0.08130499538911919,0.03970699666082312,0.09639243613165133,0.05201911812815898,0.08306396932629294,0.02679982107167789,0.07349101202552313,0.0466353807578508,0.10315510051314027,0.08222682995623923,0.03377026090990357,0.08040088294931523,0.027925661317812205,0.12385893330311389,0.0016845750917628825,0.09596253765118325,0.007153095268454091,0.09425520037020456,0.06955146413158966,0.1454409033649947,0.07192115113028213,-0.019000509169256483,0.0771539530111525,-0.14005688598148108,0.18096002092517194,-0.1073946890757597,0.5881991481569879,-0.1069126458770163,0.18361630525760106,-0.13828261036955122,0.08100619307278721,-0.017478081366071433,0.07530714683372706,0.1409698089190215,0.07268455350777206,0.08747018598529273,0.009521589366474998,0.09351617259586356,0.006493697303639213,0.12515351056172874,0.03379257821228153,0.08014168119365941,0.03428031296612529,0.06863252154220253,0.10285077049418057,0.04236442175906697,0.08121713730399198,0.031822590272420966,0.10085024747685187,0.05368028065942426,0.08981936450784324,0.034355482898570475,0.0818001711728951,0.02143005936387749,0.06821280726038395,0.060539292749920454,0.07470640851193784,0.07914036593940467,0.04205033170476633,0.07544072039457067,0.04049886191167506,0.0767350573110231,0.049597313692243676,0.09745880486932412,0.03173284657196487,0.09307921536182391,0.04101735762014479,0.05320890901264409,0.07595673798315916,0.056793088706792595
0.031741071003620835,0.0813961090902789,0.039454407737437816,0.09712862811749663,0.052264836060340616,0.08259054516573526,0.025756384158513796,0.07392411471179189,0.04576838157967152,0.10500088372478898,0.08015760184801285,0.03697017397455581,0.07910099666358583,0.02665466183946161,0.12418938268256646,0.0009037720078529244,0.09768996313312875,0.005454252257251866,0.09755645250343045,0.06792570770169098,0.14324015906427862,0.07075421360079713,-0.019824897788222568,0.07854162771773042,-0.14072632842637514,0.1830775929350016,-0.1069126458770163,0.5882408190046321,-0.10678828100767525,0.1834682002762754,-0.1379148309039034,0.08043534800046463,-0.01612148367921957,0.07390181074052338,0.14440840393467516,0.07276505475931239,0.08874811785319767,0.009320906441967536,0.09420884232864399,0.005128579999483918,0.12683252347067253,0.030200420828052854,0.08045408989455925,0.03416447242673646,0.06862508939406438,0.10286682211353823,0.04238625844082649,0.08123610683534167,0.031848922784840465,0.10086508422589528,0.05372210707036941,0.08985141080937334,0.03436378585552826,0.0819406624701887,0.02174959187804805,0.06827924602769293,0.06055230263355203,0.07475579000736354,0.07908004962573363,0.041978142359054456,0.07545500693820183,0.040506188989930386,0.07677126080853798,0.04957892195604617,0.09748940244024233,0.03172227517320896,0.09311757139422548,0.04098697494270049,0.053216167588458506,0.07598050878862042
