0,1,2,3,4,5,6,7,8,9,10,11,12,13,14,15,16,17,18,19,20,21,22,23,24,25,26,27,28,29,30,31,32,33,34,35,36,37,38,39,40,41,42,43,44,45,46,47,48,49
0.5906892669669851,-0.11844549861719764,0.18488709995872885,-0.14174530229021895,0.07657103004549022,-0.01585749913047828,0.07073136347994165,0.15142899197924864,0.05958005285480213,0.09482125575416456,0.0010237259978861724,0.09580458751955179,0.0016028534353489377,0.12438958611971444,0.03285083521906707,0.07530493923125296,0.04307339724905936,0.07219364889457197,0.10700644659658845,0.04112293223881087,0.08120550113306042,0.02333560136136285,0.09393317301183898,0.056071213153650136,0.0926265800439815,0.038183093651392434,0.07449428248194302,0.030264022974695243,0.0586638448664227,0.06874610790667922,0.06685239385579309,0.08615156475757561,0.031198583069288244,0.0771604724645499,0.04242425486632268,0.07729630299320768,0.047562133916040875,0.09345096762307181,0.030119588258602333,0.08615187606487472,0.047834301510105835,0.053172405422915736,0.08131584509104853,0.05404122680328047,0.10653418098238114,0.021042873581377963,0.0869998592658482,0.044705325350102194,0.08390352779044451,0.01563526378978256
-0.11844549861719764,0.5911696058201024,-0.11889081699215044,0.1842696473904003,-0.1423920070529404,0.0759229057491838,-0.016511902872886963,0.07008764177365648,0.15076455454079657,0.05895562311548219,0.09412058274514014,0.00047226172788929,0.09497652156502888,0.0013377644529964266,0.12320572937340596,0.033643800113160316,0.07477285823594554,0.04266489950772116,0.07122977517681414,0.10711474750572919,0.03981882733382023,0.08251678176833867,0.0242486476339034,0.0944278484792481,0.05564658114151623,0.09198898841400145,0.03757692067487916,0.07377115161160602,0.029761460947020278,0.05775904065498623,0.06867628277873974,0.06555670219121083,0.08737970282089012,0.03182741801358163,0.07703506987956403,0.041603390402864864,0.07714290571819835,0.04631695928230684,0.0944797157252051,0.030152444464405462,0.08543109482117553,0.04751884076186656,0.05206044867211494,0.08186952258597752,0.053093097476199995,0.10689025192601748,0.019899748483311927,0.08785045144330005,0.04431409209028195,0.08333570517853536
0.18488709995872885,-0.11889081699215044,0.5893700676045012,-0.11743342581741491,0.18248867131895274,-0.14015200690896867,0.07530322159081397,-0.01668403304143542,0.06849746900311258,0.15198034156767948,0.056987648332720825,0.09694623252417223,0.0016318320714454385,0.09380138909312884,0.001618068197557969,0.12025455594972694,0.03478705122637612,0.0725417048965511,0.04585136091173432,0.07146078574432739,0.10686874639265609,0.037829886885067415,0.07939977959045164,0.02460793091940231,0.09235128577777127,0.058132052223411675,0.09186838421646955,0.036898083081423595,0.07297189984276581,0.02899603396488726,0.05686044731824374,0.06777107831830138,0.06472448097398735,0.0840117950381958,0.03473105783779997,0.07966475333584301,0.0425791118569542,0.07708513661977597,0.04433067233589311,0.0925478735517016,0.03058625399046187,0.08297552660530001,0.051045705381190735,0.05245262585781488,0.08180376716675464,0.0513870613171348,0.10665221598574222,0.017551849499992986,0.08715006897636465,0.04287549790972484
-0.14174530229021895,0.1842696473904003,-0.11743342581741491,0.5898097909796434,-0.11564990545845996,0.1826661523494825,-0.13882025158052488,0.07643826278529828,-0.014947463568579494,0.06904539024837329,0.15392804841932384,0.056770772579036295,0.09785392084888664,0.002540949003411579,0.09565007640226618,0.0014851586022197856,0.12067853535934629,0.03635610284329562,0.0728635736900262,0.045579579089333896,0.07371916068890508,0.10549246299026967,0.03756441933528036,0.07843674078259896,0.026141869295040303,0.09241313329463999,0.05918429148456083,0.09333763289915911,0.03805017170496601,0.07477668782210975,0.029471121885043923,0.05936856884493205,0.06606981534368889,0.06503011173888128,0.08305804202004978,0.03503877316759595,0.07952853496053937,0.044664588440576435,0.07617574731949207,0.04504898983580321,0.09356817172602966,0.032090975417532364,0.08340650239891735,0.049971784609058954,0.05404930412081739,0.08189642527315046,0.05337562112269526,0.10618254918357789,0.018479997798551303,0.08866598494690815
0.07657103004549022,-0.1423920070529404,0.18248867131895274,-0.11564990545845996,0.5881190313470672,-0.11301359954993255,0.18222762821948177,-0.1387809335116622,0.0749589926617637,-0.013421475635482242,0.06717224412665591,0.15716079831813928,0.05830729967244207,0.09668194134578317,0.0032554850639591407,0.09219802764447525,0.0029008866504332833,0.11842029837774555,0.040120934465372945,0.07307436570371888,0.04576975368064089,0.07112168608235944,0.10182009810832231,0.03777846534816072,0.07635047096102776,0.029038628138774236,0.09249479631142635,0.05870609028052981,0.09265293163041283,0.03754216797983065,0.07383415639629906,0.02894905913634365,0.05804472426049262,0.06222660894185019,0.06819816861120184,0.08617389894267224,0.036142154421497354,0.07990069232108149,0.042168516349699786,0.07408562489626569,0.045767177382599195,0.091036013034277,0.036273732260995464,0.08363536234130042,0.050231739285888824,0.052089411669038146,0.08203902063396558,0.050552595266379695,0.10556539980961462,0.01713012698648412
-0.01585749913047828,0.0759229057491838,-0.14015200690896867,0.1826661523494825,-0.11301359954993255,0.5877791410836141,-0.11122200254569539,0.18366588804981923,-0.13624988431848825,0.07532968167034748,-0.010536736056884991,0.06620163715159072,0.15798777675303294,0.059717707261805655,0.09888480924997954,0.0038273529352573893,0.09243441919432827,0.005385691265435563,0.11802210935049828,0.039729262125227996,0.07591201217885306,0.04457333396098424,0.07157190735669079,0.10054666350907325,0.04018158808295992,0.07580726825174824,0.030362257241523267,0.09447015984533613,0.0603215499731964,0.09506236702961487,0.03835009983793892,0.07714306682498674,0.027064934810090945,0.059259542476760005,0.06033068346630925,0.06792129672845693,0.0857633440942785,0.038720349930917115,0.07927759272635698,0.04353289091301663,0.07523185905708357,0.048228808200336835,0.09068714706748399,0.034855788484021474,0.08561463817192796,0.05077069503133561,0.054593373576506427,0.0820465913640912,0.05186811903109374,0.10778742165980223
0.07073136347994165,-0.016511902872886963,0.07530322159081397,-0.13882025158052488,0.18222762821948177,-0.11122200254569539,0.5879908792988443,-0.11077123858638317,0.1833481761111203,-0.1350461356209422,0.0748332905094661,-0.008502513693380082,0.0675470032219653,0.1575612950995963,0.06087755462757164,0.09657609992754089,0.0049125380788800814,0.09154423989713349,0.00796983723000636,0.11805827341577708,0.04069939412297884,0.07369691387772402,0.042070816433606655,0.07135134803137358,0.09975586671620269,0.04210031842938237,0.07625473517622507,0.03059951840178127,0.09445352636010995,0.06066495736544094,0.09462350135685282,0.03894768233867815,0.07563970787065899,0.024664479938999406,0.06097549524638164,0.06248485572782398,0.06859231409073313,0.08678781663347891,0.03674644333839913,0.07817885201416509,0.044384923569193505,0.07413834235337245,0.05112729148998013,0.0904347600228188,0.03562379953925622,0.08436682825836116,0.05160865551733588,0.05257017760705349,0.08199030404467147,0.0515524555513325
0.15142899197924864,0.07008764177365648,-0.01668403304143542,0.07643826278529828,-0.1387809335116622,0.18366588804981923,-0.11077123858638317,0.5885863178216423,-0.11064755592694916,0.18440634965468572,-0.13501687344272328,0.076376700825253,-0.007256591251307148,0.0674084256512408,0.1588637965855128,0.05904468800958304,0.09751505908299696,0.004552918606338907,0.09363285418723531,0.007939882748904762,0.11930026082058875,0.03867334478872228,0.07168417895654301,0.041692141686291075,0.07106188031803352,0.10126871886672614,0.04267544296620269,0.07675489956267267,0.03083330934622321,0.09510852692779845,0.060423726784450064,0.09562781749682796,0.03740828583121653,0.07382907709908887,0.02580129550888672,0.06272502727246285,0.06298011674595787,0.06983973503636857,0.0850502874327371,0.036041583204170655,0.07906332695219852,0.04385260334139294,0.07649600226352835,0.05069998922818647,0.09137703444017854,0.03466840917185028,0.08544771804595636,0.04992679745400686,0.05272500601657578,0.0820683211069107
0.05958005285480213,0.15076455454079657,0.06849746900311258,-0.014947463568579494,0.0749589926617637,-0.13624988431848825,0.1833481761111203,-0.11064755592694916,0.5873054498594363,-0.10914871013136489,0.18276536644309263,-0.13194616763465009,0.07791291292340397,-0.008306800518714968,0.06823107476633118,0.15555712369643185,0.06042883382509929,0.09547759232557322,0.008172627885951439,0.09381352844073727,0.008292874972156958,0.11671532023753242,0.03514621817704576,0.07181550300543511,0.039816232946332894,0.07383287790224224,0.10142655586219378,0.0423302748054351,0.07618846257192449,0.030485144000425346,0.09424449529775075,0.06011550967833911,0.09423448753455015,0.03376135063625573,0.07678208364959736,0.02880018240964461,0.06376838081652243,0.06349377539817533,0.06738706169196676,0.08310880428497337,0.03680485510556533,0.07675939262263426,0.04787969654103385,0.07663305856241173,0.051069404603076594,0.08951243676099885,0.034955489325687254,0.08271618458033683,0.04940787593998718,0.05155096509537394
0.09482125575416456,0.05895562311548219,0.15198034156767948,0.06904539024837329,-0.013421475635482242,0.07532968167034748,-0.1350461356209422,0.18440634965468572,-0.10914871013136489,0.5879338542287902,-0.10748432993699142,0.18281601101031136,-0.1309825105242287,0.07866655718844132,-0.006532553300083812,0.0678381670058129,0.15606171144846154,0.0617111776005284,0.0960705577750279,0.007936434167027426,0.09592769576722214,0.006810839522876902,0.11618199900460088,0.034267703337494744,0.073078624747245,0.04009975472759677,0.0748173849758911,0.10275501896280279,0.04334780102912366,0.07782650907604387,0.030853229364877752,0.0965352458888691,0.05843076093497267,0.09421871434708123,0.033121964816418985,0.07731125384204561,0.028759652489647347,0.06573602604746279,0.062453665198967875,0.06789170226569162,0.0841132868176328,0.03800602544827219,0.07748639128132703,0.04689926453893975,0.07813757421381724,0.05100260967098423,0.09137207821417037,0.03429862232059329,0.08353081251334422,0.050711704656436714
0.0010237259978861724,0.09412058274514014,0.056987648332720825,0.15392804841932384,0.06717224412665591,-0.010536736056884991,0.0748332905094661,-0.13501687344272328,0.18276536644309263,-0.10748432993699142,0.5858589898973143,-0.1039416599094153,0.18448756019900847,-0.132276938680391,0.07942654693007982,-0.010311116687804175,0.06938331287535644,0.1535697534560081,0.06582995873494085,0.0963046890745556,0.008117241382978946,0.09310004659953776,0.002792629030410847,0.11642809388156722,0.03196448531026218,0.07624997945670062,0.04017639311815013,0.07427587444811427,0.10199123397287842,0.042769577611127235,0.07678861326536102,0.03025106353180319,0.09510623910962367,0.05421852973078352,0.09769949670035857,0.03653025584483225,0.07852117084008083,0.02914184168852994,0.06301374429534126,0.060156139931504406,0.06866575730788946,0.08132215161329272,0.04258113122698019,0.07775005566229683,0.04716452574285585,0.07599026087009303,0.05113459391779496,0.08828642097045766,0.03361153163971505,0.08203420990699567
0.09580458751955179,0.00047226172788929,0.09694623252417223,0.056770772579036295,0.15716079831813928,0.06620163715159072,-0.008502513693380082,0.076376700825253,-0.13194616763465009,0.18281601101031136,-0.1039416599094153,0.5840710147584477,-0.10340092378712917,0.18627830653048646,-0.1300628648037841,0.08083435660164669,-0.010380178187860594,0.07258249463621927,0.1522777772121165,0.06535892594013706,0.09932400776785037,0.007420708683670732,0.09442700911064787,0.0013691032953048357,0.1194997285230167,0.03071478272980166,0.07765996339864122,0.042418053998250875,0.076176356430822,0.10470824407509602,0.04385748386888783,0.08047970939646963,0.02852056947593273,0.09729760899814432,0.05144660887844373,0.09668708804358725,0.035834430245723144,0.08121877012182176,0.02904091138178625,0.06496506759037518,0.06122887880279381,0.0719026566945834,0.07998770427375668,0.04099823408502829,0.07982689450384316,0.04819509278972083,0.07866030655168277,0.0517892658317427,0.08984769106714907,0.036319048902858954
0.0016028534353489377,0.09497652156502888,0.0016318320714454385,0.09785392084888664,0.05830729967244207,0.15798777675303294,0.0675470032219653,-0.007256591251307148,0.07791291292340397,-0.1309825105242287,0.18448756019900847,-0.10340092378712917,0.5854291220472202,-0.10269225078470627,0.18846393782042886,-0.13103735284318635,0.08163649500916888,-0.009213678881524965,0.0738380053860467,0.15203237198140013,0.06786482547133803,0.09720043102828368,0.00624886379925383,0.09342935592295531,0.002538683892187039,0.12026333999980436,0.031880681400458584,0.07914557329689689,0.043508528970868494,0.07802032750969429,0.10499924968938973,0.04646426167761415,0.07830822925187243,0.027929796368522032,0.09702006900873886,0.052530720054799904,0.09680389482279728,0.03819572025700853,0.07962818285870765,0.029321058477763944,0.06624915971563826,0.06225946197107874,0.07337747309756831,0.07887282086636638,0.042800077141630005,0.07945677198007363,0.05039562989932123,0.07747015342419178,0.05265202453434168,0.09117463248898398
0.12438958611971444,0.0013377644529964266,0.09380138909312884,0.002540949003411579,0.09668194134578317,0.059717707261805655,0.1575612950995963,0.0674084256512408,-0.008306800518714968,0.07866655718844132,-0.132276938680391,0.18627830653048646,-0.10269225078470627,0.5846628578568629,-0.10256377301473747,0.18660308970372813,-0.13032627344299205,0.08018576338925743,-0.007209159863400304,0.07399108607188301,0.15181759781318738,0.0666445336816668,0.09523830874773072,0.006501149839248528,0.09207720675907824,0.004107202380217543,0.12015948957832819,0.031413216380049604,0.07861037663858214,0.0429775422664042,0.07744017087562,0.10436147227082378,0.045983246108239784,0.07617258958631352,0.029789182293002526,0.09867322727788522,0.05315069256709374,0.09671257743862613,0.03696483105938589,0.07838889888407034,0.029568286988737674,0.064658349805288,0.06447615539316029,0.0736534540333225,0.07878930781134537,0.04171988871163935,0.07925412253786554,0.048924740450089134,0.07700330231662827,0.051703372403281926
0.03285083521906707,0.12320572937340596,0.001618068197557969,0.09565007640226618,0.0032554850639591407,0.09888480924997954,0.06087755462757164,0.1588637965855128,0.06823107476633118,-0.006532553300083812,0.07942654693007982,-0.1300628648037841,0.18846393782042886,-0.10256377301473747,0.5872787420261246,-0.10533671912557536,0.18815456320431273,-0.1302835447270473,0.08340832027485366,-0.007353658882272506,0.07666774375951096,0.14830014087507074,0.06355549886800008,0.0943212413070324,0.0066352228329332125,0.09434839776216994,0.005349052500626292,0.12144333655508378,0.032184499264207,0.08024777933834369,0.042793789025428686,0.07985546934013116,0.10144774144274185,0.043404672560292554,0.07751129826735499,0.03250257990131042,0.09935918635529778,0.05577182190010153,0.09379568197145495,0.03618149625360425,0.080078763310092,0.02933067842323048,0.06832090612347082,0.06344602654986606,0.07564125345852575,0.07740346837566617,0.04405786260334825,0.07658172688270695,0.04949628667078902,0.07767691063999256
0.07530493923125296,0.033643800113160316,0.12025455594972694,0.0014851586022197856,0.09219802764447525,0.0038273529352573893,0.09657609992754089,0.05904468800958304,0.15555712369643185,0.0678381670058129,-0.010311116687804175,0.08083435660164669,-0.13103735284318635,0.18660308970372813,-0.10533671912557536,0.5863681436009572,-0.1055640720861388,0.18486604330713113,-0.12957812432675275,0.08391906790697685,-0.010963949201014334,0.07805793246790735,0.14753318642869961,0.06519136720889528,0.09114594817818208,0.0074801332632503745,0.09266399712933059,0.002803813801824461,0.11934643428657284,0.029083910048216984,0.0791675995374511,0.038544914622807215,0.08218981363196931,0.09969635792564424,0.04598960902988755,0.07802791307184657,0.03308422139218367,0.09608944533532571,0.05643588734706613,0.0919454191453314,0.03475679229595442,0.07680544519030467,0.029995086816267644,0.07014191569131911,0.060934502322954505,0.07485088660247075,0.07421639713955677,0.043900176356969675,0.07487102425569875,0.046590655244522404
0.04307339724905936,0.07477285823594554,0.03478705122637612,0.12067853535934629,0.0029008866504332833,0.09243441919432827,0.0049125380788800814,0.09751505908299696,0.06042883382509929,0.15606171144846154,0.06938331287535644,-0.010380178187860594,0.08163649500916888,-0.13032627344299205,0.18815456320431273,-0.1055640720861388,0.5867665921440847,-0.10434483524355766,0.18526014116976436,-0.1297954557478928,0.08579111356426074,-0.01218930951195555,0.07771357480289066,0.14674494118427636,0.06638745456014432,0.09129568850423747,0.008352134539342472,0.09386140979005027,0.003732198547242289,0.1208200099790279,0.029444266304037063,0.08122169713454794,0.037094473298352776,0.08231140341674355,0.09901638323208826,0.046349914123346055,0.07795296358812752,0.034819638891737864,0.09525322416976449,0.05695808594160125,0.0928127120050283,0.03591355958749863,0.07730390534248031,0.02911575012492498,0.0714697318881944,0.060944299316251026,0.07649842652856648,0.07373228172990844,0.04464587187531727,0.07607730221540435
0.07219364889457197,0.04266489950772116,0.0725417048965511,0.03635610284329562,0.11842029837774555,0.005385691265435563,0.09154423989713349,0.004552918606338907,0.09547759232557322,0.0617111776005284,0.1535697534560081,0.07258249463621927,-0.009213678881524965,0.08018576338925743,-0.1302835447270473,0.18486604330713113,-0.10434483524355766,0.5840352349059812,-0.10082032340475672,0.18555899587751915,-0.13040283453129795,0.0837637653080072,-0.015644245162979943,0.07825772078028179,0.14419202428174227,0.06916439327446153,0.09100598468880068,0.007375458638418568,0.09279633221877465,0.00260919044895941,0.11974299222034025,0.02806129761020336,0.08053866315761361,0.033274429077580985,0.08570621256300892,0.10191886845014926,0.04746362530710248,0.07758196754555245,0.03272670404347212,0.09298229744713428,0.057294527378865194,0.08983924961353142,0.0398036152887001,0.07790120527380173,0.0288075795178419,0.06954379104703504,0.06038546982035231,0.07393558162237283,0.07281091346152414,0.04281071480009925
0.10700644659658845,0.07122977517681414,0.04585136091173432,0.0728635736900262,0.040120934465372945,0.11802210935049828,0.00796983723000636,0.09363285418723531,0.008172627885951439,0.0960705577750279,0.06582995873494085,0.1522777772121165,0.0738380053860467,-0.007209159863400304,0.08340832027485366,-0.12957812432675275,0.18526014116976436,-0.10082032340475672,0.583593134640508,-0.10138111604055054,0.18968383363973731,-0.1322327318995973,0.08428470865885794,-0.017484530129611868,0.08166989690530907,0.14350818034353235,0.07108818278535596,0.09385538121273938,0.009695118378501011,0.09627457739712962,0.003747672530364939,0.12452604482612818,0.02527932998759048,0.08216302625947883,0.03063730187779725,0.08541676689681407,0.10136285802825555,0.051218510747054864,0.07658772622714846,0.03463131430008423,0.0946716035757701,0.06077553260169798,0.08948379605360723,0.037754153365964285,0.08078289527378452,0.029519041228231912,0.07318267159334997,0.06029466551394493,0.07582241135659559,0.07598682936807366
0.04112293223881087,0.10711474750572919,0.07146078574432739,0.045579579089333896,0.07307436570371888,0.039729262125227996,0.11805827341577708,0.007939882748904762,0.09381352844073727,0.007936434167027426,0.0963046890745556,0.06535892594013706,0.15203237198140013,0.07399108607188301,-0.007353658882272506,0.08391906790697685,-0.1297954557478928,0.18555899587751915,-0.10138111604055054,0.5835679070259365,-0.10145718692540266,0.1900953196688818,-0.13168674536555428,0.08427372179971727,-0.017210230127239202,0.08124236508589758,0.14347375860827594,0.07112725697522002,0.09393159236977913,0.009731432636263897,0.09640314037670068,0.0037710786741550323,0.1247570552700764,0.02583829241211752,0.08171720304328305,0.030172297568835806,0.08525732142246914,0.10126369276827545,0.05160513492891939,0.07687996080312066,0.03450391762581497,0.09501213161487311,0.0601509251949352,0.08947299065131915,0.037681905462332584,0.0810692911589793,0.029455716324426305,0.07360803875246238,0.06036570597251019,0.07598874499780947
0.08120550113306042,0.03981882733382023,0.10686874639265609,0.07371916068890508,0.04576975368064089,0.07591201217885306,0.04069939412297884,0.11930026082058875,0.008292874972156958,0.09592769576722214,0.008117241382978946,0.09932400776785037,0.06786482547133803,0.15181759781318738,0.07666774375951096,-0.010963949201014334,0.08579111356426074,-0.13040283453129795,0.18968383363973731,-0.10145718692540266,0.5861515807161418,-0.1055258257508872,0.18612316757339123,-0.1324918683989116,0.08380197955853178,-0.0142333181470979,0.08243919036251107,0.1445496745650811,0.07165962821206036,0.09533302799935442,0.00928745204764011,0.09853556255042643,0.0006382172569850965,0.12121822436988915,0.028011938283834113,0.08517479387530455,0.03113694124701073,0.08784072731353444,0.09779159958305542,0.05026544605029385,0.07868268705932722,0.03355308170030059,0.09967259425990763,0.05924322177149608,0.09142579069735919,0.03581027631604514,0.08331930121372294,0.026120863093407932,0.07397105910809508,0.06061498920394443
0.02333560136136285,0.08251678176833867,0.037829886885067415,0.10549246299026967,0.07112168608235944,0.04457333396098424,0.07369691387772402,0.03867334478872228,0.11671532023753242,0.006810839522876902,0.09310004659953776,0.007420708683670732,0.09720043102828368,0.0666445336816668,0.14830014087507074,0.07805793246790735,-0.01218930951195555,0.0837637653080072,-0.1322327318995973,0.1900953196688818,-0.1055258257508872,0.589460988992901,-0.1038268753225343,0.18775945142544848,-0.13451445805516524,0.08272352165411977,-0.016126686840911546,0.07999352856045144,0.14273553020662327,0.06862888270922732,0.09480571473695351,0.005014105530577289,0.10199534872653694,0.0013815082243482163,0.12185011705793397,0.02642418052053706,0.08504735676978939,0.02731406176558788,0.0902882256886494,0.09721673333363218,0.04821584632460725,0.07686103189156095,0.03138992357545998,0.10150056365008295,0.056324709429794166,0.09191692529835534,0.032236044069756796,0.08509633342389099,0.024681266355279105,0.07173415332269041
0.09393317301183898,0.0242486476339034,0.07939977959045164,0.03756441933528036,0.10182009810832231,0.07157190735669079,0.042070816433606655,0.07168417895654301,0.03514621817704576,0.11618199900460088,0.002792629030410847,0.09442700911064787,0.00624886379925383,0.09523830874773072,0.06355549886800008,0.14753318642869961,0.07771357480289066,-0.015644245162979943,0.08428470865885794,-0.13168674536555428,0.18612316757339123,-0.1038268753225343,0.588866355372291,-0.10204719273982976,0.18441714894070996,-0.13378227339254403,0.08087076655593309,-0.018885941949590226,0.07773982171271121,0.13936922515063532,0.06750751551680026,0.09018103447238236,0.007663023388170118,0.10033256302917395,0.0040037620765485905,0.12220755607750436,0.026988007243348634,0.0814364691352445,0.028209870388652403,0.08839933611982412,0.09560606410120788,0.044795967454324584,0.07730894728606275,0.03337165536745523,0.09872873952723668,0.05558946188601345,0.08841210894856119,0.03225258604519019,0.08326163591383423,0.021585274962985193
0.056071213153650136,0.0944278484792481,0.02460793091940231,0.07843674078259896,0.03777846534816072,0.10054666350907325,0.07135134803137358,0.041692141686291075,0.07181550300543511,0.034267703337494744,0.11642809388156722,0.0013691032953048357,0.09342935592295531,0.006501149839248528,0.0943212413070324,0.06519136720889528,0.14674494118427636,0.07825772078028179,-0.017484530129611868,0.08427372179971727,-0.1324918683989116,0.18775945142544848,-0.10204719273982976,0.5890734304105663,-0.10157128306848451,0.18306020389344826,-0.13415419645828291,0.08062485226537544,-0.01893578502787521,0.07740108845033965,0.13965344629749393,0.06695187265890369,0.09133256522498648,0.009340177555376148,0.09917295758996979,0.002467574465925582,0.12174144274520318,0.026153788877599924,0.08287764042314877,0.0289466244801506,0.0877437043919685,0.09629710035447503,0.04272808994112677,0.07754440287847941,0.0327444929490971,0.09960410076773564,0.05489200544257058,0.08986455060047856,0.032242687580393864,0.08340330847254655
0.0926265800439815,0.05564658114151623,0.09235128577777127,0.026141869295040303,0.07635047096102776,0.04018158808295992,0.09975586671620269,0.07106188031803352,0.039816232946332894,0.073078624747245,0.03196448531026218,0.1194997285230167,0.002538683892187039,0.09207720675907824,0.0066352228329332125,0.09114594817818208,0.06638745456014432,0.14419202428174227,0.08166989690530907,-0.017210230127239202,0.08380197955853178,-0.13451445805516524,0.18441714894070996,-0.10157128306848451,0.5866906830100465,-0.0988924889581045,0.1828339415221628,-0.13502142655307225,0.07965650552540897,-0.019927149874440254,0.07638721550804133,0.13844694421299705,0.06620824971849039,0.08766716620041184,0.012563276264197922,0.10198507614973293,0.0035338321609211356,0.12148877558945631,0.02409146691667285,0.0807256138177864,0.029322071739074636,0.08495427717400117,0.10006697485957085,0.04324964330759566,0.0773277067933947,0.030893432045152665,0.09916557856721629,0.052399004680674405,0.08902341954691384,0.030550623394367905
0.038183093651392434,0.09198898841400145,0.058132052223411675,0.09241313329463999,0.029038628138774236,0.07580726825174824,0.04210031842938237,0.10126871886672614,0.07383287790224224,0.04009975472759677,0.07624997945670062,0.03071478272980166,0.12026333999980436,0.004107202380217543,0.09434839776216994,0.0074801332632503745,0.09129568850423747,0.06916439327446153,0.14350818034353235,0.08124236508589758,-0.0142333181470979,0.08272352165411977,-0.13378227339254403,0.18306020389344826,-0.0988924889581045,0.5859149531543876,-0.09750340459474906,0.1849491064434424,-0.13327102819721426,0.08223117911935751,-0.019009613340382765,0.07991072608617711,0.13655440444829398,0.06775814330492354,0.08544692057805282,0.012052823244851086,0.10147499873843673,0.006224566787554782,0.121007354812721,0.025675917719886452,0.08188308734289529,0.032093815888534376,0.08429307633675352,0.09855670896505023,0.045317122491829724,0.0780332060742885,0.03352205277966146,0.09937169425354825,0.053828594856594594,0.09145968774288091
0.07449428248194302,0.03757692067487916,0.09186838421646955,0.05918429148456083,0.09249479631142635,0.030362257241523267,0.07625473517622507,0.04267544296620269,0.10142655586219378,0.0748173849758911,0.04017639311815013,0.07765996339864122,0.031880681400458584,0.12015948957832819,0.005349052500626292,0.09266399712933059,0.008352134539342472,0.09100598468880068,0.07108818278535596,0.14347375860827594,0.08243919036251107,-0.016126686840911546,0.08087076655593309,-0.13415419645828291,0.1828339415221628,-0.09750340459474906,0.586469329688475,-0.09700711481732151,0.18519298402587075,-0.13262415199606303,0.08202208347067182,-0.018024381042797157,0.07845537864388943,0.13490161028874254,0.0687763802340765,0.08705936099977658,0.012503565866149069,0.10267238652866528,0.004607750527911855,0.1203792633062016,0.026513196361164455,0.0814333472447499,0.0342671486735221,0.0838737197146835,0.09946173545877168,0.044443261295793485,0.07907538278578627,0.03196753818955106,0.09953742592292343,0.05393890805993018
0.030264022974695243,0.07377115161160602,0.036898083081423595,0.09333763289915911,0.05870609028052981,0.09447015984533613,0.03059951840178127,0.07675489956267267,0.0423302748054351,0.10275501896280279,0.07427587444811427,0.042418053998250875,0.07914557329689689,0.031413216380049604,0.12144333655508378,0.002803813801824461,0.09386140979005027,0.007375458638418568,0.09385538121273938,0.07112725697522002,0.1445496745650811,0.07999352856045144,-0.018885941949590226,0.08062485226537544,-0.13502142655307225,0.1849491064434424,-0.09700711481732151,0.5867351234661076,-0.09702210558643336,0.185576755013204,-0.1331065275331149,0.08268806906174335,-0.01968644736938737,0.07581028321911656,0.1367903088873559,0.07115178262320912,0.08779861718910976,0.013638878667414275,0.10049394164968468,0.0033987114143607046,0.1213214066288432,0.02531219820362042,0.0846295494079636,0.03398582935713074,0.08472492038748158,0.09808656373856468,0.045372703569219575,0.0768438833629614,0.03190818763169633,0.09919387527643463
0.0586638448664227,0.029761460947020278,0.07297189984276581,0.03805017170496601,0.09265293163041283,0.0603215499731964,0.09445352636010995,0.03083330934622321,0.07618846257192449,0.04334780102912366,0.10199123397287842,0.076176356430822,0.043508528970868494,0.07861037663858214,0.032184499264207,0.11934643428657284,0.003732198547242289,0.09279633221877465,0.009695118378501011,0.09393159236977913,0.07165962821206036,0.14273553020662327,0.07773982171271121,-0.01893578502787521,0.07965650552540897,-0.13327102819721426,0.18519298402587075,-0.09702210558643336,0.5865374372029621,-0.09699285153513543,0.1850989237915289,-0.1329554692317346,0.08157831402560611,-0.021936955086111407,0.07753547386625503,0.13871776344980213,0.07178892535379652,0.08840821651897596,0.011972066875333243,0.09937224470525222,0.004018784414002564,0.12007997913892107,0.02790294602891992,0.08456806601016026,0.034437556457009806,0.08356554123138552,0.0985404081903314,0.04359104729300103,0.0766452795077117,0.03137856915926775
0.06874610790667922,0.05775904065498623,0.02899603396488726,0.07477668782210975,0.03754216797983065,0.09506236702961487,0.06066495736544094,0.09510852692779845,0.030485144000425346,0.07782650907604387,0.042769577611127235,0.10470824407509602,0.07802032750969429,0.0429775422664042,0.08024777933834369,0.029083910048216984,0.1208200099790279,0.00260919044895941,0.09627457739712962,0.009731432636263897,0.09533302799935442,0.06862888270922732,0.13936922515063532,0.07740108845033965,-0.019927149874440254,0.08223117911935751,-0.13262415199606303,0.185576755013204,-0.09699285153513543,0.5870785024406202,-0.09755985855932207,0.18601216114154956,-0.13504672557573974,0.078374369540147,-0.01967953158889867,0.08043674001687061,0.13961111408319724,0.0732554638857198,0.0857216604831699,0.01053143281012846,0.10055998006918297,0.0026203401694093885,0.12398445060077799,0.02751658884034871,0.08566896705028294,0.032769111944122485,0.08477773859321154,0.09580745891908052,0.04355712836168706,0.07628998687232241
0.06685239385579309,0.06867628277873974,0.05686044731824374,0.029471121885043923,0.07383415639629906,0.03835009983793892,0.09462350135685282,0.060423726784450064,0.09424449529775075,0.030853229364877752,0.07678861326536102,0.04385748386888783,0.10499924968938973,0.07744017087562,0.042793789025428686,0.0791675995374511,0.029444266304037063,0.11974299222034025,0.003747672530364939,0.09640314037670068,0.00928745204764011,0.09480571473695351,0.06750751551680026,0.13965344629749393,0.07638721550804133,-0.019009613340382765,0.08202208347067182,-0.1331065275331149,0.1850989237915289,-0.09755985855932207,0.5866691965827538,-0.09828869893505841,0.18596703460116512,-0.13635075827552523,0.07960629133329146,-0.018746543058930004,0.0808219683202031,0.13926431663938213,0.07265632451573062,0.08488897698337206,0.010534137584739457,0.09940927922345222,0.003868790410965999,0.12429823546861957,0.02724304428805879,0.08501809513479007,0.0323701825783993,0.0839751248362762,0.09540143531662261,0.042784054459729486
0.08615156475757561,0.06555670219121083,0.06777107831830138,0.05936856884493205,0.02894905913634365,0.07714306682498674,0.03894768233867815,0.09562781749682796,0.06011550967833911,0.0965352458888691,0.03025106353180319,0.08047970939646963,0.04646426167761415,0.10436147227082378,0.07985546934013116,0.038544914622807215,0.08122169713454794,0.02806129761020336,0.12452604482612818,0.0037710786741550323,0.09853556255042643,0.005014105530577289,0.09018103447238236,0.06695187265890369,0.13844694421299705,0.07991072608617711,-0.018024381042797157,0.08268806906174335,-0.1329554692317346,0.18601216114154956,-0.09828869893505841,0.5881587190137881,-0.1013098416379841,0.1816192417304993,-0.1333586083304046,0.0835997041984059,-0.017539172741836116,0.0830266629147054,0.13550622614147692,0.07075737905198,0.08661005696665695,0.008768661960209666,0.1047851675155054,0.003237391345269546,0.12595625938837438,0.02497253200388455,0.08686596079422429,0.02859110974736015,0.08401828189485833,0.09506220413361938
0.031198583069288244,0.08737970282089012,0.06472448097398735,0.06606981534368889,0.05804472426049262,0.027064934810090945,0.07563970787065899,0.03740828583121653,0.09423448753455015,0.05843076093497267,0.09510623910962367,0.02852056947593273,0.07830822925187243,0.045983246108239784,0.10144774144274185,0.08218981363196931,0.037094473298352776,0.08053866315761361,0.02527932998759048,0.1247570552700764,0.0006382172569850965,0.10199534872653694,0.007663023388170118,0.09133256522498648,0.06620824971849039,0.13655440444829398,0.07845537864388943,-0.01968644736938737,0.08157831402560611,-0.13504672557573974,0.18596703460116512,-0.1013098416379841,0.59125641453339,-0.09931636534800686,0.18091260865325998,-0.13571618423968645,0.08309206979799906,-0.020554992821685526,0.08579997100865049,0.13585354036536593,0.06894693712192963,0.0861840342639549,0.005579945293429251,0.10607542538073421,0.0009440311083144069,0.12705720808867435,0.022229495826941587,0.08925670633619294,0.027738017275675014,0.08283858342983974
0.0771604724645499,0.03182741801358163,0.0840117950381958,0.06503011173888128,0.06222660894185019,0.059259542476760005,0.024664479938999406,0.07382907709908887,0.03376135063625573,0.09421871434708123,0.05421852973078352,0.09729760899814432,0.027929796368522032,0.07617258958631352,0.043404672560292554,0.09969635792564424,0.08231140341674355,0.033274429077580985,0.08216302625947883,0.02583829241211752,0.12121822436988915,0.0013815082243482163,0.10033256302917395,0.009340177555376148,0.08766716620041184,0.06775814330492354,0.13490161028874254,0.07581028321911656,-0.021936955086111407,0.078374369540147,-0.13635075827552523,0.1816192417304993,-0.09931636534800686,0.5885740410185252,-0.09597182716648357,0.1821902220983304,-0.13486779766763865,0.07993610291598009,-0.02050795662207844,0.08344955656024686,0.13461484512307048,0.06507477731264838,0.08787021454729854,0.007444604060993039,0.10364493630909544,-0.0003218119079082562,0.12392701491945445,0.021380198595254515,0.08740632121729527,0.024521120243939785
0.04242425486632268,0.07703506987956403,0.03473105783779997,0.08305804202004978,0.06819816861120184,0.06033068346630925,0.06097549524638164,0.02580129550888672,0.07678208364959736,0.033121964816418985,0.09769949670035857,0.05144660887844373,0.09702006900873886,0.029789182293002526,0.07751129826735499,0.04598960902988755,0.09901638323208826,0.08570621256300892,0.03063730187779725,0.08171720304328305,0.028011938283834113,0.12185011705793397,0.0040037620765485905,0.09917295758996979,0.012563276264197922,0.08544692057805282,0.0687763802340765,0.1367903088873559,0.07753547386625503,-0.01967953158889867,0.07960629133329146,-0.1333586083304046,0.18091260865325998,-0.09597182716648357,0.5850949715787825,-0.09811184820911936,0.1811801364101406,-0.13301552239287504,0.0809684226971042,-0.018120991945586362,0.0839330778574215,0.13815943347789528,0.06222040456168051,0.08658484580042383,0.00888243068020011,0.10528549933967203,0.001611740732460305,0.12566953269972878,0.02282172310595074,0.09003028127010175
0.07729630299320768,0.041603390402864864,0.07966475333584301,0.03503877316759595,0.08617389894267224,0.06792129672845693,0.06248485572782398,0.06272502727246285,0.02880018240964461,0.07731125384204561,0.03653025584483225,0.09668708804358725,0.052530720054799904,0.09867322727788522,0.03250257990131042,0.07802791307184657,0.046349914123346055,0.10191886845014926,0.08541676689681407,0.030172297568835806,0.08517479387530455,0.02642418052053706,0.12220755607750436,0.002467574465925582,0.10198507614973293,0.012052823244851086,0.08705936099977658,0.07115178262320912,0.13871776344980213,0.08043674001687061,-0.018746543058930004,0.0835997041984059,-0.13571618423968645,0.1821902220983304,-0.09811184820911936,0.5849194244664221,-0.09855371526477784,0.18433188615347076,-0.13390145472690218,0.08251825138903042,-0.016691227983881226,0.08679326549875686,0.13795149119278638,0.06050940140344989,0.08900310880580845,0.009436089105647884,0.10833520331622612,0.001475201184038718,0.12723604901055965,0.02545181844016542
0.047562133916040875,0.07714290571819835,0.0425791118569542,0.07952853496053937,0.036142154421497354,0.0857633440942785,0.06859231409073313,0.06298011674595787,0.06376838081652243,0.028759652489647347,0.07852117084008083,0.035834430245723144,0.09680389482279728,0.05315069256709374,0.09935918635529778,0.03308422139218367,0.07795296358812752,0.04746362530710248,0.10136285802825555,0.08525732142246914,0.03113694124701073,0.08504735676978939,0.026988007243348634,0.12174144274520318,0.0035338321609211356,0.10147499873843673,0.012503565866149069,0.08779861718910976,0.07178892535379652,0.13961111408319724,0.0808219683202031,-0.017539172741836116,0.08309206979799906,-0.13486779766763865,0.1811801364101406,-0.09855371526477784,0.5846543917056989,-0.09769938973177768,0.18439235911689186,-0.13319561026602095,0.08283675159951863,-0.015555176811346329,0.08620802242834329,0.13743353469377334,0.06116812230596379,0.08940777072379094,0.01029009599049326,0.1086510324558796,0.0020006575679874954,0.12815769639816396
0.09345096762307181,0.04631695928230684,0.07708513661977597,0.044664588440576435,0.07990069232108149,0.038720349930917115,0.08678781663347891,0.06983973503636857,0.06349377539817533,0.06573602604746279,0.02914184168852994,0.08121877012182176,0.03819572025700853,0.09671257743862613,0.05577182190010153,0.09608944533532571,0.034819638891737864,0.07758196754555245,0.051218510747054864,0.10126369276827545,0.08784072731353444,0.02731406176558788,0.0814364691352445,0.026153788877599924,0.12148877558945631,0.006224566787554782,0.10267238652866528,0.013638878667414275,0.08840821651897596,0.0732554638857198,0.13926431663938213,0.0830266629147054,-0.020554992821685526,0.07993610291598009,-0.13301552239287504,0.18433188615347076,-0.09769938973177768,0.5872180989681158,-0.10093192344546639,0.18326542599750226,-0.13145557924836768,0.08214887931138481,-0.011305131218994638,0.08526884663862987,0.13937372490031014,0.05949122035348054,0.09166000515941827,0.007230772554271982,0.10908275570373495,0.0023959881356977256
0.030119588258602333,0.0944797157252051,0.04433067233589311,0.07617574731949207,0.042168516349699786,0.07927759272635698,0.03674644333839913,0.0850502874327371,0.06738706169196676,0.062453665198967875,0.06301374429534126,0.02904091138178625,0.07962818285870765,0.03696483105938589,0.09379568197145495,0.05643588734706613,0.09525322416976449,0.03272670404347212,0.07658772622714846,0.05160513492891939,0.09779159958305542,0.0902882256886494,0.028209870388652403,0.08287764042314877,0.02409146691667285,0.121007354812721,0.004607750527911855,0.10049394164968468,0.011972066875333243,0.0857216604831699,0.07265632451573062,0.13550622614147692,0.08579997100865049,-0.02050795662207844,0.0809684226971042,-0.13390145472690218,0.18439235911689186,-0.10093192344546639,0.5889394851926093,-0.10174894724840435,0.18161231272987244,-0.1334137365596869,0.08093228299713232,-0.009696713470978443,0.08279729782273748,0.13949416952249952,0.05643727032612303,0.09275397982540186,0.005896708295103803,0.10694955029782192
