0,1,2,3,4,5,6,7,8,9,10,11,12,13,14,15,16,17,18,19,20,21,22,23,24,25,26,27,28,29,30,31,32,33,34,35,36,37,38,39,40,41,42,43,44,45,46,47,48,49,50,51,52,53,54,55,56,57,58,59
0.5859394382575567,-0.11968073887889483,0.18961480721150747,-0.13984972758652067,0.08238865984974442,-0.013116632396672118,0.07680090129145227,0.14809536388959896,0.06078209981344628,0.09704056776015567,0.002202883704480822,0.09717820979825331,0.000328637243106206,0.12600163198635816,0.0316815710262338,0.07567137840365132,0.03671116222449882,0.07645465435267104,0.1075383406244804,0.04344184489867659,0.08141365124573255,0.02413183980631092,0.08564325198544334,0.05165507445737236,0.09645504832460533,0.0443995467121304,0.08045221496792271,0.033783388423421615,0.0647569359860908,0.06342187472444077,0.06829576902568872,0.0869094699311162,0.033162652105714445,0.06815578727968798,0.04386508081395952,0.07924714518938045,0.0517453968029377,0.09772511387349292,0.032357905943193474,0.08294429144587456,0.045266752095990626,0.05514641994307609,0.0872194135519961,0.057584794932140915,0.10497205734152015,0.025758423319205505,0.07836015358937516,0.050943627535694196,0.08013730667835217,0.020595403438331147,0.09116188694896758,0.03848372094748341,0.1111784452183183,0.0676971175464933,0.05280411390340797,0.0728210701626572,0.03211939873155309,0.07826929129971408,0.03656585017057528,0.09989110162022438
-0.11968073887889483,0.5891544787328873,-0.12257266594998345,0.18893501821384376,-0.13826017871458232,0.0835701534609468,-0.010667377955488434,0.07673839125084733,0.15152511894710463,0.05735413795263884,0.09466666884896216,0.000946202372955392,0.09834326918238713,0.0019440408497167798,0.12769356633030382,0.03337721920957451,0.07738345511997002,0.038395292179292904,0.07819298161778901,0.10917199817926708,0.045274973083561716,0.08285641368023236,0.026298258407611536,0.08633678816964645,0.05475232687122817,0.09438046249317628,0.045791597863776456,0.08152094276743024,0.036305112617067994,0.06447359490339237,0.0668337250834461,0.06486514523989524,0.08452072249152404,0.03186846276204122,0.06926672619073719,0.04553317302289253,0.08083303868584803,0.053637280124689934,0.09903993634520011,0.03472509017952696,0.08312697068196684,0.04865659140573305,0.051933317012328555,0.08557423092732232,0.057912878089383044,0.10711963511967702,0.026159747281570896,0.0816178282633005,0.04825217643528239,0.08005134698512811,0.022481139574794116,0.09198720772110283,0.04139286577540297,0.10972989245801701,0.07017765064824263,0.05187254714660196,0.07581175884214851,0.02989404614304563,0.07929285108609653,0.03805140994025312
0.18961480721150747,-0.12257266594998345,0.5894933220425126,-0.12105621875932325,0.18507083077123385,-0.13764671796831432,0.08011292768649733,-0.011397466080881805,0.07139724774712922,0.155259860927237,0.05681267455820074,0.0981638063786792,0.0002989750220263563,0.09543717324555322,-0.000413583270230285,0.12390217361222267,0.0325018752315317,0.07319966600726897,0.03917640415234162,0.07706242115747466,0.10603515475265954,0.04318645199232927,0.07858582790531161,0.02651082039597717,0.08102468800496024,0.058555639469435254,0.09243028783757498,0.043450505339720766,0.07795885639623971,0.034919418342581936,0.06041951504684475,0.06776548241371846,0.06732712970671255,0.08283691798161387,0.03371961681714626,0.0696772221881933,0.04495902842303626,0.07789170555458406,0.05139869470104881,0.09496625635369466,0.034321045567059894,0.07726761015256256,0.05409922400922543,0.05433913121908987,0.08431298701889513,0.05457407798033908,0.10543146380831529,0.021634870340765576,0.08295164339448632,0.04632002164744326,0.07826525116357573,0.018878476544206046,0.09214358103067843,0.044334094962745325,0.10772894340120198,0.06927744486659264,0.04885856385376293,0.07509447715867222,0.031188467113233684,0.07791473215801
-0.13984972758652067,0.18893501821384376,-0.12105621875932325,0.5892750658554692,-0.12041855773178427,0.1841505300236875,-0.13766293984548467,0.0804406711742908,-0.011220222070425882,0.07186154000036718,0.15683251237655044,0.056131686231165275,0.09775716875841892,0.0005386301877766208,0.09541372226365476,0.00013435169338754885,0.12327430444411042,0.03321334842624859,0.07189421909436695,0.038695417741531964,0.07727000232393211,0.10604639952896248,0.04365714126975682,0.07810462747745718,0.026866385891835088,0.08068844944375833,0.05854051398635889,0.09275622474411249,0.0434348300774839,0.0786749898753659,0.03459206477472556,0.062006521758142634,0.068145236792377,0.06873994427361191,0.08146184357975185,0.03260253737026957,0.06900095417543411,0.04505484218505394,0.0780360604923734,0.051675936297199083,0.09502352050589163,0.03472837786084579,0.07692601013423396,0.0540766925027549,0.05465621454900581,0.0844217246623998,0.0550200941915189,0.10538050039754093,0.022638808902766608,0.08377360892758588,0.04595725200390167,0.07923486011098961,0.017154107233891203,0.09179456068183137,0.04371749477543841,0.1086211739384356,0.06877463708480941,0.05041668701247038,0.07399201044480459,0.030891103473133855
0.08238865984974442,-0.13826017871458232,0.18507083077123385,-0.12041855773178427,0.5874415523496055,-0.11803080940802249,0.1840120303165163,-0.13853992132589804,0.07970883420170957,-0.012214250996606453,0.06780764041370353,0.15875782292917195,0.057138902858727955,0.09699236835717177,0.0004758941857199094,0.09381368189190381,0.00169600274322603,0.12123520277318899,0.03659573151162252,0.07306658709597705,0.038000705510109714,0.07713246417248287,0.10461914164335737,0.04489999623939371,0.07691783196281977,0.027925142291214573,0.08062561838800818,0.05758426874664096,0.09261086549619528,0.041529501417986794,0.07930185185490238,0.030578131907970207,0.06116261948871597,0.06444100680918419,0.07235628046295192,0.08434274114695656,0.034303764811447195,0.06860252699017112,0.044568751837020366,0.07711424711736793,0.05150831095419695,0.09367571434907064,0.0358862213582037,0.07710896238134338,0.05319934074265304,0.05420400763916014,0.08319209696650033,0.054914931781707865,0.10288005295461172,0.02043411393235727,0.08460922823306495,0.043287629714235665,0.08365707767279913,0.018200692267743557,0.09326875262006551,0.04138666973646059,0.10975132705487495,0.06474877208903626,0.0533062063894494,0.07468144634895982
-0.013116632396672118,0.0835701534609468,-0.13764671796831432,0.1841505300236875,-0.11803080940802249,0.586633855003036,-0.11620157159313849,0.18457162926814183,-0.13560802278703762,0.0779665606510628,-0.01110344097429296,0.06559232782300603,0.15888906505349165,0.0588090852688651,0.09823331755811292,0.002777992836290208,0.09395040858638516,0.004292265775219755,0.12013683651062365,0.03694498704676661,0.07484264116479401,0.039116766738475195,0.07964885955929919,0.10425433345655116,0.04790977443758609,0.0747201806686845,0.028953864025742373,0.08204061929552678,0.059469532432505294,0.09372220878397022,0.04351318438865795,0.07963706725966757,0.0294681670371744,0.06279700894182182,0.06273741076101805,0.0715534944210823,0.08429403420152702,0.03591740385380711,0.06986801488077846,0.046879246050815525,0.0773589886207207,0.05483608174930548,0.09060385849397462,0.03459559294014098,0.07794532451570403,0.055031021028502686,0.05533478006462727,0.0855706759717779,0.05473130167249915,0.10433725672641193,0.021193690986738244,0.08703167303428089,0.042302122678367325,0.08191098755776909,0.018941644106576828,0.09421418298074208,0.04272566028387785,0.11094799240561924,0.06348377289984879,0.05388314659270453
0.07680090129145227,-0.010667377955488434,0.08011292768649733,-0.13766293984548467,0.1840120303165163,-0.11620157159313849,0.5878045367130856,-0.11668506485973391,0.18593385987797703,-0.1378584573626753,0.0746742963625472,-0.010748850988074918,0.0667020240449185,0.15931424474054964,0.059634756278535435,0.09826889970275753,0.004450712681397601,0.09375395881597547,0.006916282879214395,0.12156924278349013,0.037516683534445844,0.07550341973393211,0.039480091809989286,0.08064083702866025,0.105213569137551,0.047403177657173744,0.07539373003340609,0.029003194406867754,0.08324451705294958,0.05834428133457614,0.09577531993721605,0.03970563781927929,0.07799096559414054,0.02690356942632333,0.06522339889808389,0.06506746122508222,0.07323413143838976,0.08504816278399412,0.0363337398256675,0.07059353903162754,0.04688552840644146,0.07838364922290002,0.053803182340060665,0.08986382731019055,0.03430998121434368,0.07880141171635391,0.05460106839725806,0.056932591177600855,0.08291766996199597,0.05355191956980272,0.10572401102780693,0.020236908680032546,0.09078511008703222,0.04210672093919361,0.0839283402703074,0.01726847092558321,0.09631300056001288,0.03952316734489573,0.11295563806702821,0.06459228600188997
0.14809536388959896,0.07673839125084733,-0.011397466080881805,0.0804406711742908,-0.13853992132589804,0.18457162926814183,-0.11668506485973391,0.5875324667449745,-0.11753585411835918,0.1862268674210901,-0.1387426222800733,0.07552129898417885,-0.010632224398825765,0.0661656088923049,0.15899088909522993,0.05881418086277984,0.09846661824493937,0.0034903823567261068,0.09453507742141619,0.0070023096320597665,0.12101646334602088,0.03721380299139623,0.07465432022204994,0.039757298647799776,0.07970265887840723,0.10592719058558575,0.047133512133905583,0.07489340860245976,0.028504503314609655,0.08267984697954191,0.057935563835095565,0.0950933652164651,0.03986097277307148,0.07702632686292064,0.02787264549634424,0.0658551178456272,0.06533286776726759,0.07276652772010209,0.08465561776852981,0.0356119356006163,0.07050667047681553,0.045842929505544264,0.07933322913917991,0.05415699317246704,0.08952166720111666,0.033779201572873944,0.07833234499977808,0.053983523464123113,0.05660708255588827,0.08222094482704358,0.05348401821573519,0.10471386678491132,0.021144158034176314,0.09138265310138509,0.04213852925914026,0.08334235604286676,0.017097764705912618,0.09541128044542779,0.04027313216605707,0.11291220624345796
0.06078209981344628,0.15152511894710463,0.07139724774712922,-0.011220222070425882,0.07970883420170957,-0.13560802278703762,0.18593385987797703,-0.11753585411835918,0.5889415399394703,-0.12054328976967638,0.18102517285901024,-0.13772313294367888,0.07716378206600367,-0.010357891954763306,0.06713715824634864,0.15853999509393937,0.061303396423015855,0.09760181241254134,0.007682945056222249,0.09661579828590171,0.007474101067199218,0.12176704655279512,0.03720954094201687,0.07622821900800839,0.040542380045159136,0.07942129884553753,0.10671614666358831,0.04689772213270833,0.07629338629376235,0.02656629377946363,0.0853372037965353,0.05212779897730876,0.09285751308517078,0.035640433872948594,0.08105388586866363,0.03155771011489732,0.06839689289761837,0.06611500031170717,0.07311622598180165,0.0852419621020233,0.03556776439365485,0.07132059930622875,0.044960511514405395,0.07850154323173615,0.053543570922387894,0.09040957161947893,0.03288387950167766,0.08021746560439243,0.05002823915754887,0.05451155784313862,0.08414299425636945,0.05151221404338816,0.11058264565639916,0.021232514083315144,0.09425848855488841,0.0394114870016519,0.08620982635840262,0.01201245476983408,0.09871208094023463,0.04181616312410164
0.09704056776015567,0.05735413795263884,0.155259860927237,0.07186154000036718,-0.012214250996606453,0.0779665606510628,-0.1378584573626753,0.1862268674210901,-0.12054328976967638,0.5924090359957519,-0.11724160648879509,0.18168375992282326,-0.13908071264519486,0.07585968438396896,-0.01192129483951281,0.06598157455240473,0.1565231944880824,0.06027603591100161,0.09507337953978134,0.005843532372894201,0.09508960481231135,0.006163425473381213,0.12012555948565475,0.03622929947732791,0.0736530440186252,0.04219668786876161,0.07813799820006931,0.10597383731442525,0.044581439403564925,0.07706776187142822,0.023212076316209588,0.08961512582329463,0.05458455297629513,0.09505724837159914,0.03363536083187103,0.07872521580266721,0.029621416681047362,0.06673655730046417,0.06501706568025667,0.0711520074994963,0.08511619447367694,0.03276240350114673,0.07401171900650642,0.046448088044920226,0.07842985414773285,0.05165881685330789,0.09036372635770107,0.029869499417210836,0.08340011981712853,0.05069836173637741,0.05252680877236238,0.0840864095534879,0.047612097078176506,0.1116555243176118,0.018521409985489963,0.09575211301189726,0.036315965117787584,0.08936527402896031,0.010283441033074688,0.09714018744340511
0.002202883704480822,0.09466666884896216,0.05681267455820074,0.15683251237655044,0.06780764041370353,-0.01110344097429296,0.0746742963625472,-0.1387426222800733,0.18102517285901024,-0.11724160648879509,0.5909948521916157,-0.11351350975444276,0.18129764597533643,-0.14199263220025105,0.0736216212632434,-0.015854494708093043,0.06550381783222446,0.15212198198336702,0.061766650117733926,0.09426811272331685,0.002729554189255071,0.09308873282546337,0.0018166788391760327,0.12060304514634844,0.030953618056100744,0.07747686631472056,0.040342974132182574,0.07571641645884046,0.10258112336798683,0.042849641661620995,0.07338300754377294,0.02319657291572251,0.09174959851099378,0.05217065497942482,0.09760943017193892,0.034664598218787895,0.07856270168170587,0.026757900190938502,0.06451644795736694,0.06096870726900723,0.07073349450130899,0.07928837043100656,0.03815477189162075,0.07632203217102598,0.04506277074504992,0.07517939961787534,0.04979225148784758,0.0860717142223968,0.03057055257192555,0.08108610216753036,0.049199647953170805,0.048533297799629185,0.08521939340376343,0.050619954074949985,0.11009642964086917,0.01715278189665297,0.09316069750637902,0.034742169147825575,0.09123029011971812,0.00913701916942855
0.09717820979825331,0.000946202372955392,0.0981638063786792,0.056131686231165275,0.15875782292917195,0.06559232782300603,-0.010748850988074918,0.07552129898417885,-0.13772313294367888,0.18168375992282326,-0.11351350975444276,0.5890101858887187,-0.11438812235606384,0.1821862576747061,-0.141779706811546,0.07532947288454071,-0.017219016534699247,0.06763749779667086,0.1489896716029267,0.06077355382179824,0.09510813478784652,0.0029928283126013995,0.09467087672261512,0.000670632878387268,0.1220349946128862,0.029737983803237136,0.07766295518942265,0.041368621247173325,0.07608418304670439,0.10440807192959262,0.04254657359521838,0.07697735613570802,0.02380252379217306,0.09523469648980094,0.04875455326881953,0.0949583653361321,0.033153046908307976,0.0791199466203456,0.027348553765717678,0.06562521870378679,0.06114807963990745,0.07234825491104822,0.07787416544372024,0.037829168494318756,0.07720446929335147,0.04569526208584019,0.07641090211373845,0.05018702496498625,0.08826100351838166,0.03270627447733255,0.08044303469001504,0.051869211100271616,0.04449518027858867,0.08407180890465346,0.0494094673304986,0.11227884341742202,0.01632258636313322,0.09687487771829005,0.03202484428934355,0.09069340950444846
0.000328637243106206,0.09834326918238713,0.0002989750220263563,0.09775716875841892,0.057138902858727955,0.15888906505349165,0.0667020240449185,-0.010632224398825765,0.07716378206600367,-0.13908071264519486,0.18129764597533643,-0.11438812235606384,0.5893613946445029,-0.11354536107830764,0.18294740867842374,-0.14076384062640873,0.07583215996345886,-0.0161359846065296,0.06785210974620853,0.14952164167256451,0.06170139621070371,0.09577102541561339,0.004189163567785961,0.0947740491592925,0.002240456577557664,0.12094007342272395,0.030366072378461232,0.07829463528664546,0.042511606308160706,0.07627209612219162,0.10581894396992875,0.04168494146594601,0.07605623138127045,0.02383798692753494,0.09513238182598246,0.04902055052277257,0.09538207983775641,0.03405818916632374,0.07978343956418245,0.0285507770785898,0.06573387965970533,0.06287424872324346,0.07073178665527602,0.07711397159072404,0.038119188164030565,0.07823193323278026,0.04607577432333055,0.07787386014819697,0.04940426672531214,0.08858578873145388,0.033405543251469286,0.0812487506716517,0.052432217624980584,0.04368007513155599,0.08492990837979943,0.049379763774169305,0.1134199675708634,0.01599777729571477,0.09685343385783422,0.03257059258618586
0.12600163198635816,0.0019440408497167798,0.09543717324555322,0.0005386301877766208,0.09699236835717177,0.0588090852688651,0.15931424474054964,0.0661656088923049,-0.010357891954763306,0.07585968438396896,-0.14199263220025105,0.1821862576747061,-0.11354536107830764,0.5892398500160848,-0.11323198812521096,0.18234396348217902,-0.1394767249673037,0.07496425901569362,-0.013756665078435381,0.06889060959748293,0.1494870760776958,0.061918455908497615,0.09536832407161794,0.005074803653889401,0.09470788166622378,0.0024422476060334867,0.12119120951373961,0.030016905871980002,0.07873074708743752,0.041315601135792066,0.07735369804094483,0.10271177020240761,0.040685930420744705,0.07357689849359131,0.026226861076897527,0.097197810948343,0.0503648129019223,0.09553654399119284,0.03404067650910054,0.07972405690543038,0.028488602790097243,0.06563227518296909,0.06289911394689388,0.07049986239595851,0.07665832407334756,0.03829456989464771,0.07758120512388648,0.04668847659249686,0.0758233233487756,0.04807050200584918,0.0894755575331387,0.03198322413509664,0.08449149440681011,0.05275655038599722,0.04507432584046616,0.08334552420149384,0.05067444379656466,0.11055558209465358,0.01793471022194259,0.09757297282581467
0.0316815710262338,0.12769356633030382,-0.000413583270230285,0.09541372226365476,0.0004758941857199094,0.09823331755811292,0.059634756278535435,0.15899088909522993,0.06713715824634864,-0.01192129483951281,0.0736216212632434,-0.141779706811546,0.18294740867842374,-0.11323198812521096,0.5898215279839227,-0.11317674542265581,0.18349047766993615,-0.13957631931963327,0.0767451927193083,-0.012771750777163264,0.06930566800136116,0.14995423854606243,0.06220085614152427,0.09604226076045519,0.0057716197251796355,0.09433171480873205,0.002916977360026026,0.12124395601778318,0.030866059201477652,0.07797562643111464,0.04274721081285097,0.07475260769407521,0.1015704110414272,0.03895285196925475,0.07521446965508757,0.027810593416200225,0.09834725460335861,0.05090253411344797,0.09583843418873872,0.03456817453124228,0.07973164037360557,0.02923445789638883,0.0648842163324685,0.06237537454499518,0.07031563551673303,0.07726874384224001,0.038015518168144656,0.07870654217381248,0.044870501365194576,0.07503580092265083,0.0490296819642265,0.08885331816425474,0.03453855953766073,0.08433434496772622,0.05414701291662532,0.04394202344887278,0.08479976034179684,0.04849896534328321,0.11191248298231184,0.01870103264295846
0.07567137840365132,0.03337721920957451,0.12390217361222267,0.00013435169338754885,0.09381368189190381,0.002777992836290208,0.09826889970275753,0.05881418086277984,0.15853999509393937,0.06598157455240473,-0.015854494708093043,0.07532947288454071,-0.14076384062640873,0.18234396348217902,-0.11317674542265581,0.5884459527847181,-0.11160801770962246,0.18170540930704582,-0.13631091996496655,0.07794627196276413,-0.013295327269404555,0.06927454154121312,0.14877112606609805,0.06340440552674147,0.09514551517658446,0.00661786458966047,0.09436672657458214,0.002098598386249335,0.12127802028095434,0.02907336890446656,0.07878833446045287,0.03878023798709967,0.07380657759722745,0.0980352380578526,0.0423938966486093,0.07800832164585991,0.029500776517422847,0.0981034345158336,0.05053834909122425,0.09513932190812814,0.03442440324849501,0.07870466333216317,0.030096470814324146,0.06494402240977207,0.06158068966856906,0.07003892660633253,0.07615104683847762,0.038136433495498924,0.07619811228525687,0.04281239042340545,0.07594033436705375,0.04659998156426692,0.09316533422592352,0.03541552332691159,0.085873272937994,0.05191469080957597,0.04519495371363509,0.08090263521318028,0.05125755159116087,0.11265405627197214
0.03671116222449882,0.07738345511997002,0.0325018752315317,0.12327430444411042,0.00169600274322603,0.09395040858638516,0.004450712681397601,0.09846661824493937,0.061303396423015855,0.1565231944880824,0.06550381783222446,-0.017219016534699247,0.07583215996345886,-0.1394767249673037,0.18349047766993615,-0.11160801770962246,0.5891624013094696,-0.10992710041373487,0.18194226082725629,-0.13554053007706585,0.0793595848581211,-0.012294714694140368,0.07111033851893575,0.14889472911311324,0.06579589043143905,0.09347163059311811,0.007564229326805937,0.09534120070216018,0.0038215654856538902,0.12160910411480952,0.031179663516221263,0.07759428977750525,0.037416135195130894,0.0739540678897447,0.09778942392814917,0.04272078746734473,0.0786024325212343,0.03087241359566377,0.09911381190456828,0.05237015646503229,0.09530702956713809,0.037055154380955316,0.07624375175452176,0.028948340948591094,0.06540256740267522,0.06313768930009263,0.07064254354068931,0.07835429410535033,0.03702256375032586,0.076742687234408,0.04384298903433003,0.07722013967669782,0.04733445807024702,0.09191265693973157,0.036668804336044906,0.08588783330647334,0.053602440282299095,0.044808698971951104,0.08079693935461835,0.052060940838218946
0.07645465435267104,0.038395292179292904,0.07319966600726897,0.03321334842624859,0.12123520277318899,0.004292265775219755,0.09375395881597547,0.0034903823567261068,0.09760181241254134,0.06027603591100161,0.15212198198336702,0.06763749779667086,-0.0161359846065296,0.07496425901569362,-0.13957631931963327,0.18170540930704582,-0.10992710041373487,0.5868961828009978,-0.10625052209848905,0.18319782024034686,-0.1363355559674743,0.07918252006604246,-0.01389892885027233,0.07246029753629901,0.14753719031671783,0.06699442961469643,0.0933773936678276,0.006496396342816851,0.09513591069222971,0.0017378401827624066,0.12223421870203256,0.02684151373201262,0.07671259219257201,0.03337861476506296,0.07789856440446905,0.100917483389981,0.04455702588994359,0.07813116533107195,0.030315547632467122,0.09806007970382552,0.05218305524872623,0.09376763980843841,0.038383061892027226,0.07647429236823101,0.027980490973207088,0.06486768256729386,0.06178229165884608,0.07046791934651853,0.07566197483893618,0.034607036737518,0.07762446500415741,0.04090114743670899,0.08201540526109484,0.048508251654113044,0.09348369386982487,0.03413039670200551,0.08707239590528293,0.049229257778746774,0.0479579494379994,0.08152573882758449
0.1075383406244804,0.07819298161778901,0.03917640415234162,0.07189421909436695,0.03659573151162252,0.12013683651062365,0.006916282879214395,0.09453507742141619,0.007682945056222249,0.09507337953978134,0.061766650117733926,0.1489896716029267,0.06785210974620853,-0.013756665078435381,0.0767451927193083,-0.13631091996496655,0.18194226082725629,-0.10625052209848905,0.5854060494075022,-0.10571846742489267,0.18573103434085725,-0.1347359548823344,0.08276022100116945,-0.014390763632946706,0.07675294570780608,0.14440780349381271,0.06847050718284754,0.09538519938076419,0.00920071400521492,0.09668294439873149,0.004603534516758201,0.12261176698138995,0.025225247924770162,0.07896435824977477,0.031025160373462073,0.07682002680352765,0.10089158455564154,0.04686461382779265,0.07993638161880176,0.03361057459217737,0.09840729616753834,0.05692831259249534,0.08938507039295926,0.03653388049593343,0.07765295724235452,0.030599890738916176,0.06646012760167576,0.0651962722185506,0.07013937628843894,0.07769806471602084,0.03571977419317522,0.08103503040793959,0.039600064806095694,0.07953434722263242,0.04961077562746395,0.09478138087387761,0.036083060564695395,0.08868706297581072,0.04748699845466541,0.04880455206938904
0.04344184489867659,0.10917199817926708,0.07706242115747466,0.038695417741531964,0.07306658709597705,0.03694498704676661,0.12156924278349013,0.0070023096320597665,0.09661579828590171,0.005843532372894201,0.09426811272331685,0.06077355382179824,0.14952164167256451,0.06889060959748293,-0.012771750777163264,0.07794627196276413,-0.13554053007706585,0.18319782024034686,-0.10571846742489267,0.5861853901456067,-0.10456410658322082,0.1865826000421152,-0.13328731406519148,0.08298733517233083,-0.012438544909686704,0.07540859128598397,0.14521971010101786,0.0692202491626847,0.09686037285892392,0.009302495459855977,0.09856417804148589,0.003183014453840936,0.12135104005704984,0.024994250791591257,0.0791018635162721,0.031586508539476435,0.07749818217994836,0.10203859627283225,0.04769088829041516,0.08143048883835911,0.03373931005670725,0.10055074190327311,0.05491328330622432,0.08841039361067311,0.036845315867978824,0.0789549818739099,0.03100262675914331,0.06835431968658126,0.06399151987062007,0.07039671664279032,0.07866972684809247,0.036567614683777075,0.08209783636703322,0.0386186015816618,0.08076028251137675,0.04939779334644173,0.09634955286132725,0.035359596241640256,0.08887534070497496,0.04824812593044541
0.08141365124573255,0.045274973083561716,0.10603515475265954,0.07727000232393211,0.038000705510109714,0.07484264116479401,0.037516683534445844,0.12101646334602088,0.007474101067199218,0.09508960481231135,0.002729554189255071,0.09510813478784652,0.06170139621070371,0.1494870760776958,0.06930566800136116,-0.013295327269404555,0.0793595848581211,-0.1363355559674743,0.18573103434085725,-0.10456410658322082,0.5862520095358768,-0.1042615416825607,0.18629078840370483,-0.13234180356000835,0.08309194323756444,-0.01234735919117796,0.0757432290183253,0.1449216317675018,0.06980717338060363,0.09561986954880003,0.01059995184898566,0.09519144759769416,0.002027069540548241,0.11874012681005146,0.027502334279248867,0.08130973841902003,0.033051318694970334,0.07776164189131837,0.10209383403951129,0.04776181519253818,0.08137698729598576,0.03382391262135717,0.10039739223253626,0.054584231899970845,0.0879620588534675,0.037144425266593076,0.0783109562997142,0.0318113397640236,0.06610474396032669,0.0626209322704269,0.07141280208914243,0.07725917124793831,0.04005015090687308,0.0823493467932732,0.04018438840030314,0.0790859963481686,0.050890008269963954,0.09329251734286846,0.03740001943112466,0.08969483693640583
0.02413183980631092,0.08285641368023236,0.04318645199232927,0.10604639952896248,0.07713246417248287,0.039116766738475195,0.07550341973393211,0.03721380299139623,0.12176704655279512,0.006163425473381213,0.09308873282546337,0.0029928283126013995,0.09577102541561339,0.061918455908497615,0.14995423854606243,0.06927454154121312,-0.012294714694140368,0.07918252006604246,-0.1347359548823344,0.1865826000421152,-0.1042615416825607,0.5866230738361008,-0.10410088832649964,0.18689434870841257,-0.13183481610318468,0.08283805253349528,-0.011966640709716564,0.07574057426467636,0.14560106475423132,0.06910662338726861,0.09680663651144605,0.008307560655072568,0.09422899307109457,0.0004509046192074667,0.12023493669646683,0.028918800314674205,0.08231932883791762,0.03346705583475431,0.07798262011673691,0.10247652159209922,0.047760005931866654,0.08191598467090831,0.033274137736568496,0.0999827511182024,0.05439378281382286,0.08843400671315552,0.036860651956884656,0.07921551480639671,0.03022356757873438,0.06536382809860183,0.06343575058643647,0.0707834557819297,0.07953391739589752,0.03997270172805862,0.08354298546406706,0.03915883533086275,0.08031488600749775,0.04894104719485445,0.09452605816165345,0.03805204014361634
0.08564325198544334,0.026298258407611536,0.07858582790531161,0.04365714126975682,0.10461914164335737,0.07964885955929919,0.039480091809989286,0.07465432022204994,0.03720954094201687,0.12012555948565475,0.0018166788391760327,0.09467087672261512,0.004189163567785961,0.09536832407161794,0.06220085614152427,0.14877112606609805,0.07111033851893575,-0.01389892885027233,0.08276022100116945,-0.13328731406519148,0.18629078840370483,-0.10410088832649964,0.58569998478131,-0.1027751814899426,0.18638889503317316,-0.13124462416252705,0.08305970303419319,-0.012662519237274548,0.07611201564910772,0.14372647031317035,0.07039465171040898,0.09228425997008025,0.007019470520123841,0.09043415641074615,0.00412484204701376,0.12332011943949184,0.030862199918905046,0.08232199533903144,0.03326938481392354,0.07758222845652463,0.10235359395429262,0.047160165292034005,0.08237039049179912,0.0331158551655524,0.09921230593520572,0.05439687557285711,0.0873423794648828,0.03741929751203533,0.07628620059386397,0.02810336630721255,0.06654227108980043,0.06105643663086924,0.07558976725571785,0.0802391316762465,0.04188052119476724,0.08113143699756738,0.04084170642542706,0.07602492576223485,0.05190408010255594,0.09548412709948026
0.05165507445737236,0.08633678816964645,0.02651082039597717,0.07810462747745718,0.04489999623939371,0.10425433345655116,0.08064083702866025,0.039757298647799776,0.07622821900800839,0.03622929947732791,0.12060304514634844,0.000670632878387268,0.0947740491592925,0.005074803653889401,0.09604226076045519,0.06340440552674147,0.14889472911311324,0.07246029753629901,-0.014390763632946706,0.08298733517233083,-0.13234180356000835,0.18689434870841257,-0.1027751814899426,0.5855403859610165,-0.10117317748448422,0.18522520562756797,-0.13068628485222622,0.08380032973092154,-0.01164024184813168,0.0766573889482685,0.14482664915383175,0.07045095000350886,0.09165314263050237,0.00779313642624467,0.08962003033318801,0.003778224107465469,0.1233471132266825,0.03172856904514701,0.08299597822157338,0.034498845041733894,0.07771025859612736,0.10412373403730385,0.045523438443622916,0.08167317709641077,0.033543795548457815,0.10019574406306202,0.05497408992251581,0.08863461661538555,0.037240611574306234,0.07701053596056684,0.02854337657131299,0.06777771905887789,0.06065878783793855,0.07467164771429997,0.08068908773329328,0.04232213960671656,0.08189630411251819,0.04136683710069993,0.07542682445397704,0.0522400140187632
0.09645504832460533,0.05475232687122817,0.08102468800496024,0.026866385891835088,0.07691783196281977,0.04790977443758609,0.105213569137551,0.07970265887840723,0.040542380045159136,0.0736530440186252,0.030953618056100744,0.1220349946128862,0.002240456577557664,0.09470788166622378,0.0057716197251796355,0.09514551517658446,0.06579589043143905,0.14753719031671783,0.07675294570780608,-0.012438544909686704,0.08309194323756444,-0.13183481610318468,0.18638889503317316,-0.10117317748448422,0.5857036313428855,-0.1010087570459504,0.1857868789093028,-0.1311972917591438,0.08478508214680568,-0.013744963220683545,0.0788443057933985,0.13911657349925957,0.0684995404959162,0.08722652482211608,0.012046026573148017,0.09336066725321489,0.006257721867397135,0.12378562990652679,0.03181625568695666,0.08310542483441527,0.034407167704092724,0.077838184494671,0.1038782755528902,0.04497242203663428,0.08091050762535627,0.03404165091209636,0.09910050594719425,0.05633196897283465,0.08482792463871715,0.03491412825741082,0.07872683306398988,0.02614481635208077,0.0736766309431021,0.061092495049936864,0.07731843102957335,0.07785092553057342,0.04484165434766408,0.07671660745394726,0.04482617326032582,0.07681122114855668
0.0443995467121304,0.09438046249317628,0.058555639469435254,0.08068844944375833,0.027925142291214573,0.0747201806686845,0.047403177657173744,0.10592719058558575,0.07942129884553753,0.04219668786876161,0.07747686631472056,0.029737983803237136,0.12094007342272395,0.0024422476060334867,0.09433171480873205,0.00661786458966047,0.09347163059311811,0.06699442961469643,0.14440780349381271,0.07540859128598397,-0.01234735919117796,0.08283805253349528,-0.13124462416252705,0.18522520562756797,-0.1010087570459504,0.5853835565127515,-0.1013093267783027,0.18627868961318936,-0.13171668041149961,0.08637264892621034,-0.015103031636108271,0.08290244532771808,0.14038970246724516,0.07177319467829783,0.08406896336167315,0.009333396676364802,0.09160748891204794,0.006098334941576883,0.12384132794434256,0.03195366789535956,0.083192811471756,0.034626032230218706,0.07772597869114223,0.10414700365452986,0.045587972584500015,0.08072952405687377,0.03491908882994212,0.09836379062096746,0.05899956546618647,0.0866040115692588,0.033774267180308494,0.0806434035817844,0.021893101781064975,0.07320858389662584,0.05929468292313058,0.07940784358511528,0.07619841487701728,0.04860575808103492,0.07415943322689163,0.04390342009718145
0.08045221496792271,0.045791597863776456,0.09243028783757498,0.05854051398635889,0.08062561838800818,0.028953864025742373,0.07539373003340609,0.047133512133905583,0.10671614666358831,0.07813799820006931,0.040342974132182574,0.07766295518942265,0.030366072378461232,0.12119120951373961,0.002916977360026026,0.09436672657458214,0.007564229326805937,0.0933773936678276,0.06847050718284754,0.14521971010101786,0.0757432290183253,-0.011966640709716564,0.08305970303419319,-0.13068628485222622,0.1857868789093028,-0.1013093267783027,0.5857709282220802,-0.10127228544363866,0.18697137645785042,-0.13234551896748997,0.08754597789864348,-0.01725302071207404,0.08196482718938253,0.13895068009120842,0.07313364933449479,0.08538079372715746,0.010283036325004009,0.09204419248000223,0.006341853017797821,0.12426637342633852,0.031958802902625746,0.08379352330049594,0.03402231985514417,0.07729933403468874,0.10399097895508587,0.046083717925572344,0.08049381828681587,0.03583762209834387,0.0968630302554624,0.058342368626540214,0.08739276973978741,0.03324913870893569,0.0827585992895773,0.0217713529465699,0.0743536578234554,0.05835506581056597,0.08060283489385639,0.0743959987175941,0.04973236245805075,0.07478973767920578
0.033783388423421615,0.08152094276743024,0.043450505339720766,0.09275622474411249,0.05758426874664096,0.08204061929552678,0.029003194406867754,0.07489340860245976,0.04689772213270833,0.10597383731442525,0.07571641645884046,0.041368621247173325,0.07829463528664546,0.030016905871980002,0.12124395601778318,0.002098598386249335,0.09534120070216018,0.006496396342816851,0.09538519938076419,0.0692202491626847,0.1449216317675018,0.07574057426467636,-0.012662519237274548,0.08380032973092154,-0.1311972917591438,0.18627868961318936,-0.10127228544363866,0.5852847221481076,-0.10122306064871851,0.18587667898134913,-0.13181215479866357,0.08509189680142352,-0.017856002740428558,0.07979778398540567,0.14105834243243864,0.07485355548955598,0.08642779183425223,0.010155954081380359,0.0918373066128842,0.005942930502094399,0.12418090035435733,0.03137180825335107,0.0842820742818419,0.034040150011898036,0.07681918830303287,0.10384676025824519,0.04540773041152102,0.08060423621521157,0.03427993850033938,0.09560895837692437,0.05891440318938836,0.08592274547428892,0.03590741231630005,0.08327618494145202,0.022736363400958737,0.07298396412325635,0.05915170629702209,0.07820489553242618,0.07608715258849783,0.05020065690220237
0.0647569359860908,0.036305112617067994,0.07795885639623971,0.0434348300774839,0.09261086549619528,0.059469532432505294,0.08324451705294958,0.028504503314609655,0.07629338629376235,0.044581439403564925,0.10258112336798683,0.07608418304670439,0.042511606308160706,0.07873074708743752,0.030866059201477652,0.12127802028095434,0.0038215654856538902,0.09513591069222971,0.00920071400521492,0.09686037285892392,0.06980717338060363,0.14560106475423132,0.07611201564910772,-0.01164024184813168,0.08478508214680568,-0.13171668041149961,0.18697137645785042,-0.10122306064871851,0.5865227737599157,-0.10238346726460201,0.18798942109195593,-0.13573480451131495,0.08339744487762751,-0.020499713590056822,0.08229920067795807,0.1434595033354462,0.07658488694040502,0.08720282777534506,0.010583411003452609,0.0925820922274815,0.005949126802191958,0.1252326912608673,0.030311242373112533,0.08352119710265689,0.03374499149458656,0.07769900968837419,0.10340258043742111,0.04705100945413176,0.07787149850760948,0.03306338073061521,0.09703664269514349,0.057926066457305865,0.08979038690635627,0.035708087353334306,0.08535348932160666,0.02101171180715307,0.07514451517205752,0.05585137202695522,0.08027445720507348,0.07722841744067224
0.06342187472444077,0.06447359490339237,0.034919418342581936,0.0786749898753659,0.041529501417986794,0.09372220878397022,0.05834428133457614,0.08267984697954191,0.02656629377946363,0.07706776187142822,0.042849641661620995,0.10440807192959262,0.07627209612219162,0.041315601135792066,0.07797562643111464,0.02907336890446656,0.12160910411480952,0.0017378401827624066,0.09668294439873149,0.009302495459855977,0.09561986954880003,0.06910662338726861,0.14372647031317035,0.0766573889482685,-0.013744963220683545,0.08637264892621034,-0.13234551896748997,0.18587667898134913,-0.10238346726460201,0.5853581302132265,-0.10339849228995522,0.18672977443511848,-0.13529709670573548,0.0814463920395975,-0.018530686578831924,0.0835378695179711,0.14393781235812073,0.07551929852274898,0.08632128833507594,0.008964854563977838,0.09239216178384729,0.003612626634821896,0.12736671147364248,0.031127680634182014,0.08279171358665867,0.032535431725238116,0.07670126620056429,0.10195919376284,0.04649988921650348,0.07642194866865595,0.03283201861985725,0.09488983486687741,0.05968056871315773,0.0911059923384024,0.035656467175487996,0.0841752085516748,0.020513302715618586,0.07336902499862387,0.05736740424083639,0.08011318209247735
0.06829576902568872,0.0668337250834461,0.06041951504684475,0.03459206477472556,0.07930185185490238,0.04351318438865795,0.09577531993721605,0.057935563835095565,0.0853372037965353,0.023212076316209588,0.07338300754377294,0.04254657359521838,0.10581894396992875,0.07735369804094483,0.04274721081285097,0.07878833446045287,0.031179663516221263,0.12223421870203256,0.004603534516758201,0.09856417804148589,0.01059995184898566,0.09680663651144605,0.07039465171040898,0.14482664915383175,0.0788443057933985,-0.015103031636108271,0.08754597789864348,-0.13181215479866357,0.18798942109195593,-0.10339849228995522,0.5885498922034883,-0.1079770642884185,0.1843312205851447,-0.13791056642518823,0.08386648906116768,-0.01592841041921867,0.08559198463620851,0.14540576275283432,0.07645484255986518,0.08798674237774708,0.009054334644740463,0.09476588166099437,0.0013142299651707655,0.12602400951779374,0.031055169797583347,0.0844580904104189,0.03238343644174216,0.07946403316156846,0.09862961596822299,0.04553369340723477,0.07838398611696577,0.03246242359816404,0.09918455929523963,0.05885667876599655,0.0938386455889968,0.03391104200802219,0.08720795665438993,0.016967812714622693,0.07541975571143156,0.058925676782763156
0.0869094699311162,0.06486514523989524,0.06776548241371846,0.062006521758142634,0.030578131907970207,0.07963706725966757,0.03970563781927929,0.0950933652164651,0.05212779897730876,0.08961512582329463,0.02319657291572251,0.07697735613570802,0.04168494146594601,0.10271177020240761,0.07475260769407521,0.03878023798709967,0.07759428977750525,0.02684151373201262,0.12261176698138995,0.003183014453840936,0.09519144759769416,0.008307560655072568,0.09228425997008025,0.07045095000350886,0.13911657349925957,0.08290244532771808,-0.01725302071207404,0.08509189680142352,-0.13573480451131495,0.18672977443511848,-0.1079770642884185,0.5901596353915618,-0.10512983822728181,0.183000661787184,-0.1363820740160526,0.08390596550511191,-0.016809102592609485,0.08239302487294987,0.1429974430483715,0.07207765290214137,0.08756357020000545,0.002761579729628005,0.10062464031144622,0.00395135482956851,0.12475406520645971,0.027423920868207604,0.08276623868766322,0.02738909041132099,0.0813008821460785,0.09680810525231667,0.043435937258452455,0.07478002586373803,0.031998538494034987,0.1022900389455815,0.05642907413725277,0.09317777494618794,0.03041146416527989,0.08699376641476869,0.017984641152520464,0.0737947283034959
