0,1,2,3,4,5,6,7,8,9,10,11,12,13,14,15,16,17,18,19,20,21,22,23,24,25,26,27,28,29,30,31,32,33,34,35,36,37,38,39
0.5856711849220111,-0.10897407866356136,0.18793027461081943,-0.1322452586281488,0.08218646795368849,-0.010434042616637539,0.07441373643019812,0.15286042619066628,0.0636027400141243,0.09680177757332349,0.006331719273810155,0.09575687167310319,0.0025623074190641057,0.12022304200409806,0.03379875692307422,0.07415161977456389,0.042851321817216445,0.07086053782702748,0.10633353915313602,0.04108197583925442,0.08436807440203212,0.030234388101648715,0.09716989553472265,0.05799033394558059,0.09282255097931756,0.03993221116794222,0.07454171159792378,0.03252047390342635,0.057320346978270834,0.06778278660164028,0.06491341938616005,0.08799277071239735,0.03567970061865144,0.07853943829814122,0.04453762806501436,0.07804379271669049,0.04892369225814973,0.09545801289605182,0.03310450640097048,0.08696981320614071
-0.10897407866356136,0.586290602464699,-0.10804397565119947,0.1882280287446336,-0.1309155230920696,0.08129579127187962,-0.009836396820607851,0.07487257063016302,0.15394307165329676,0.06348109390455643,0.09826657864857907,0.004858858250769075,0.09473131678357144,0.002006676385248913,0.12069999859369555,0.03451491472724675,0.07483248741365453,0.043663559293179104,0.07142502722945496,0.10734983636721439,0.04116040505311152,0.08582342552924332,0.028854914756505284,0.09646357344434926,0.0581311890567179,0.09374456510878725,0.0401045105684851,0.0759403208167026,0.03136496001769122,0.05728344212084329,0.06859238492210838,0.06526775226341054,0.0892417464949264,0.03505779713004935,0.07960439929359026,0.04413768086819778,0.07932777751453217,0.047968287266291064,0.09589745522731467,0.03374229801520028
0.18793027461081943,-0.10804397565119947,0.5855227214062939,-0.10673107408559913,0.18789572444834887,-0.1306492923184013,0.0809933705613494,-0.009899698253445914,0.07433983098717713,0.15438350845218718,0.06311969920844926,0.09831926123811464,0.0037023035424127246,0.09250685501918345,0.0019233119854637577,0.11960730847693542,0.03617318432045331,0.07349874663796795,0.046754416101145974,0.07327531754287686,0.10604407141639871,0.042589201347151384,0.081530661745041,0.028594507602102512,0.0942583108147583,0.061369025408411576,0.09333547800316078,0.040884587656831665,0.07296743959674754,0.029740005011562015,0.05755663976130934,0.06706360665611734,0.06744292973747004,0.08558327044537246,0.03938396502640874,0.08083206699979535,0.046881149400269266,0.07670724007439471,0.04761795041722545,0.09499492231837071
-0.1322452586281488,0.1882280287446336,-0.10673107408559913,0.5853195315302842,-0.10516026822195235,0.18682611590677073,-0.12988207115818484,0.08151484274017878,-0.00851590438655071,0.07403211656854633,0.156112001018947,0.06150597601359707,0.09767291891345439,0.003991267233470243,0.09305594868497137,0.003134791606482401,0.11968024386743716,0.037584978124538704,0.07287280375732379,0.04711325357310287,0.07388243145685651,0.1070462690661257,0.04281463968506914,0.08087105669389844,0.029628923640274134,0.09396017865717272,0.0617189729192602,0.09453580655535,0.040824247256416916,0.07357751523591591,0.03050616964875822,0.058551302162396394,0.06754409179335225,0.0682338366883603,0.08500437853543505,0.038460422675281526,0.08112309204441817,0.046896255421422575,0.07732255739257053,0.0486686273711713
0.08218646795368849,-0.1309155230920696,0.18789572444834887,-0.10516026822195235,0.5856681346229197,-0.10534680208769635,0.186818093925202,-0.1297065173693048,0.08151655901605363,-0.008106595148309487,0.07442114560161428,0.15538651748478646,0.059716897241831435,0.09498432749556593,0.004154857252956589,0.09226053319987888,0.005280667755730354,0.11867648144973743,0.04121051488899787,0.07540342570662256,0.04574990070100285,0.07619268755451192,0.10169467921378825,0.04215934580997896,0.07857299589541189,0.033602475636705126,0.09361150136509697,0.06330107408550079,0.09072334510091283,0.03905619716602486,0.07430141701765172,0.029049374430137758,0.06155506778052032,0.06327730669560146,0.07345434605437418,0.08611295508575513,0.04209426117945946,0.07779602129715857,0.04675266095637432,0.0766901343172664
-0.010434042616637539,0.08129579127187962,-0.1306492923184013,0.18682611590677073,-0.10534680208769635,0.5857607392783134,-0.10531723356263185,0.18671567545373874,-0.12966414130548423,0.08122983247058191,-0.008315530483752557,0.07486142447358644,0.1565771377422679,0.06154578878341362,0.09489087586467256,0.004731358469903856,0.09081037019984523,0.006004493081556981,0.11620280683933834,0.03950892806628336,0.07634532611309372,0.04421771248825906,0.07982205755173126,0.10211746854312002,0.043747356658705085,0.07587407746925277,0.03384949160548622,0.09257840581311838,0.06587967829099037,0.09193926205126207,0.03859032252962122,0.075318758091116,0.027031362933296107,0.06446796793691019,0.059725539271081596,0.07267493789086653,0.08366251154780616,0.04434669756951146,0.07791257412512048,0.04721377986160702
0.07441373643019812,-0.009836396820607851,0.0809933705613494,-0.12988207115818484,0.186818093925202,-0.10531723356263185,0.585672285093979,-0.10529153027762435,0.18656380979504886,-0.12943611472868033,0.08122358037669915,-0.008481472281388881,0.07408444078325824,0.1552704513686458,0.061562771822838855,0.0943800598463325,0.005740784980494308,0.09017866439015639,0.007792615209215089,0.11736311704698278,0.03879550484597705,0.07733016470971775,0.041655366239389195,0.0795841247776662,0.10091370476273932,0.045664322626118775,0.07567013997208183,0.03446721274326246,0.09077737311187027,0.06497403986415325,0.09219796833527108,0.037789833580626965,0.07668998895419986,0.02492098980436483,0.0670071598979349,0.060353072314460965,0.07436582362540858,0.08208330403828189,0.044210721426311196,0.0774967834505564
0.15286042619066628,0.07487257063016302,-0.009899698253445914,0.08151484274017878,-0.1297065173693048,0.18671567545373874,-0.10529153027762435,0.5857507121966338,-0.10523972010908851,0.18669025894875174,-0.12924110880223802,0.08091951693299314,-0.00910790369575194,0.07318971141992218,0.1553458721039178,0.06133975508807864,0.09510541944517906,0.005455020197197676,0.09137644963106271,0.008658129274142041,0.11692646257186477,0.0396106261791446,0.07553627464606488,0.0414102646301133,0.07884851193821618,0.10224082642609542,0.04555985587917504,0.07624737847745447,0.03318106926102124,0.09020453980168552,0.065246191475934,0.09174419380639105,0.03881919036780581,0.07528236018568928,0.026657650437064508,0.06734629910318,0.061587602196455066,0.07324593675019463,0.08205772711124737,0.04403664168819708
0.0636027400141243,0.15394307165329676,0.07433983098717713,-0.00851590438655071,0.08151655901605363,-0.12966414130548423,0.18656380979504886,-0.10523972010908851,0.5854906631079198,-0.10483099313398965,0.1866967992614291,-0.1295575119729178,0.07950932310100756,-0.011465289885890233,0.07322605452972102,0.1544356456315987,0.06316391197642243,0.09397888725761801,0.008678583812180774,0.09347610912224354,0.007375682282971372,0.11871579221428621,0.034984390016595604,0.07509967290333473,0.03924648670007919,0.08230819827275808,0.10187604914478253,0.046688077397924486,0.0729934126875987,0.031551439788069124,0.09067976576792096,0.06381046957725937,0.09422611053714099,0.03501522214242614,0.0798631241823548,0.02778168263575593,0.0704036781154148,0.05873511465731384,0.07300666125207829,0.08131749308808668
0.09680177757332349,0.06348109390455643,0.15438350845218718,0.07403211656854633,-0.008106595148309487,0.08122983247058191,-0.12943611472868033,0.18669025894875174,-0.10483099313398965,0.5853351810449748,-0.10438145132471542,0.186334225645845,-0.12946647369127115,0.08001862328241875,-0.01132879060404433,0.0737095306429615,0.15411887575973038,0.06373944220418107,0.09322226636755067,0.008385655415219346,0.09387050052536006,0.007307650728270001,0.11962617495008246,0.034892751577795235,0.07576772832711343,0.03853188498601503,0.0824666033950685,0.10198138127674351,0.047271329932190374,0.07345248553858795,0.0316637562656461,0.09120343443819211,0.06347889807222339,0.09513259022372178,0.03402103842499799,0.07941537738570366,0.027294774191385165,0.07093270127293781,0.0589396190188182,0.0734169121363402
0.006331719273810155,0.09826657864857907,0.06311969920844926,0.156112001018947,0.07442114560161428,-0.008315530483752557,0.08122358037669915,-0.12924110880223802,0.1866967992614291,-0.10438145132471542,0.58576924178014,-0.10518550236962099,0.18436259843871675,-0.13242515936433136,0.08020055208192417,-0.01220032853436164,0.07607200051388818,0.1530186584941483,0.06772840403856653,0.09600923328319852,0.006886888990017646,0.09641704653160824,0.0014172679328585383,0.1189025969688648,0.03236647556948814,0.08014089429623265,0.03814923002137623,0.0842122473599621,0.09778434225501753,0.04532707441528238,0.07425194667085147,0.0300634291477728,0.09451165652867341,0.05878459129706334,0.10087748894055366,0.03523827828762433,0.0834165599217438,0.023632316852245636,0.070776697636123,0.0582469660296411
0.09575687167310319,0.004858858250769075,0.09831926123811464,0.06150597601359707,0.15538651748478646,0.07486142447358644,-0.008481472281388881,0.08091951693299314,-0.1295575119729178,0.186334225645845,-0.10518550236962099,0.5869027425542275,-0.10314799254817109,0.18713801832676244,-0.13272285977194256,0.0807656747874492,-0.01448451904612616,0.07681175034612168,0.14932974963614754,0.06497264496177482,0.09731190743314327,0.004217736396748986,0.10202097576836305,0.0022596895350508175,0.1210958618674272,0.028235284956855188,0.08042979517266459,0.03620449706989981,0.08825470352035358,0.09951399836588162,0.044387927760984235,0.07556525938884925,0.026780030259017804,0.09884068840422784,0.05339953218964029,0.0999159806565873,0.03133213468756258,0.08692893778838706,0.02364417200725747,0.0712061381669343
0.0025623074190641057,0.09473131678357144,0.0037023035424127246,0.09767291891345439,0.059716897241831435,0.1565771377422679,0.07408444078325824,-0.00910790369575194,0.07950932310100756,-0.12946647369127115,0.18436259843871675,-0.10314799254817109,0.5885328193079655,-0.10198181440375682,0.186489955868771,-0.13352456099288568,0.0795257434768673,-0.015377045698676867,0.07547979855353457,0.14758965806333058,0.06509493954683492,0.09503631926304239,0.006895166750694564,0.1030486801576031,0.0024545571278970124,0.11924102215300465,0.028068300655508294,0.07834796805081387,0.038336901347942064,0.08859381597999659,0.09834050499037399,0.04416629980207204,0.07344426666184305,0.02829231212443197,0.09659442042186152,0.05373788578797575,0.0976456752839304,0.03312403668457621,0.0863802974517339,0.02291769438837805
0.12022304200409806,0.002006676385248913,0.09250685501918345,0.003991267233470243,0.09498432749556593,0.06154578878341362,0.1552704513686458,0.07318971141992218,-0.011465289885890233,0.08001862328241875,-0.13242515936433136,0.18713801832676244,-0.10198181440375682,0.5881384235976379,-0.10292316212440328,0.18445512514835213,-0.13372691448201796,0.07715725656888903,-0.014442701718576466,0.074776400365606,0.14660504980959813,0.06330358390559943,0.09484706924888772,0.008042670307294818,0.10137017506168962,0.0028178010367033695,0.11865757005204008,0.025965928265157173,0.07858952670555615,0.03736197805410474,0.08726228857459244,0.09669910039425705,0.043238450437732376,0.07225224311141305,0.029088449300888906,0.09812734502326236,0.05310985228271923,0.0977410418391232,0.032081056513716635,0.08461346500134265
0.03379875692307422,0.12069999859369555,0.0019233119854637577,0.09305594868497137,0.004154857252956589,0.09489087586467256,0.061562771822838855,0.1553458721039178,0.07322605452972102,-0.01132879060404433,0.08020055208192417,-0.13272285977194256,0.186489955868771,-0.10292316212440328,0.5882103356337531,-0.10317257887340525,0.18521429363301972,-0.1340446841148755,0.07842055184595366,-0.01354037189283991,0.07431094897889935,0.14744622721457562,0.06142081701709682,0.09459877970127595,0.00725839360729837,0.10276475169320154,0.002703789613917544,0.11924689668971272,0.024618943073859,0.07798133318129706,0.037637231472611506,0.08677386986524509,0.09777154539884822,0.04175311738548295,0.07407962319708092,0.029455817525226673,0.09941725133401842,0.051936111100687896,0.09770625799997773,0.031885007340060244
0.07415161977456389,0.03451491472724675,0.11960730847693542,0.003134791606482401,0.09226053319987888,0.004731358469903856,0.0943800598463325,0.06133975508807864,0.1544356456315987,0.0737095306429615,-0.01220032853436164,0.0807656747874492,-0.13352456099288568,0.18445512514835213,-0.10317257887340525,0.5868667267419473,-0.10174843511634525,0.1835958157537436,-0.13114511731374517,0.07992034811800466,-0.014875563388639896,0.07523582863981557,0.14362628265341718,0.06140568550744255,0.09234089799125247,0.010180811711490522,0.1022950563487135,0.0029986233381437983,0.11667109463524113,0.023004157881891404,0.07797335021515239,0.03598268386443665,0.08851814650298236,0.09432339960885651,0.04571592806378183,0.07544843337860357,0.031757139962856236,0.09712476112489912,0.051432333376623875,0.09658037922047527
0.042851321817216445,0.07483248741365453,0.03617318432045331,0.11968024386743716,0.005280667755730354,0.09081037019984523,0.005740784980494308,0.09510541944517906,0.06316391197642243,0.15411887575973038,0.07607200051388818,-0.01448451904612616,0.0795257434768673,-0.13372691448201796,0.18521429363301972,-0.10174843511634525,0.5874283255284793,-0.10010547892084218,0.1835572818053186,-0.13012325393211574,0.08042476802724914,-0.01305357787015476,0.07437210679705093,0.1426148066352606,0.062270520175630104,0.09280989512643023,0.010566395081451086,0.10422022264047284,0.002092116770785794,0.11709163305299158,0.024170957233139632,0.07896827437364376,0.0372675059638825,0.08863500002613117,0.09469285054138686,0.04473920339036386,0.07662022700916973,0.031055357301460196,0.0979045767726852,0.052679901202946834
0.07086053782702748,0.043663559293179104,0.07349874663796795,0.037584978124538704,0.11867648144973743,0.006004493081556981,0.09017866439015639,0.005455020197197676,0.09397888725761801,0.06373944220418107,0.1530186584941483,0.07681175034612168,-0.015377045698676867,0.07715725656888903,-0.1340446841148755,0.1835958157537436,-0.10010547892084218,0.5854812874344603,-0.09671901536208728,0.18527244002781498,-0.13169969530758724,0.08144071590670572,-0.017482943318962347,0.07438986425579816,0.13994854380366772,0.06566588740121945,0.09224804341574896,0.010843179130446594,0.10124483607283292,0.0001921999140583769,0.11704145091602809,0.02220450402568653,0.08095964339191947,0.033237858240759234,0.09324846507290299,0.09632508076873232,0.04738485673204605,0.073968424682954,0.030439909567156132,0.09654647287543844
0.10633353915313602,0.07142502722945496,0.046754416101145974,0.07287280375732379,0.04121051488899787,0.11620280683933834,0.007792615209215089,0.09137644963106271,0.008678583812180774,0.09322226636755067,0.06772840403856653,0.14932974963614754,0.07547979855353457,-0.014442701718576466,0.07842055184595366,-0.13114511731374517,0.1835572818053186,-0.09671901536208728,0.5836708927951642,-0.09612887621916874,0.18681922561967063,-0.1295893578297853,0.08248574808975409,-0.018955926213640274,0.0770229023573366,0.13886802190545447,0.06651500617151059,0.09489068462777665,0.011072943877071497,0.10283783295612506,0.0019067629703144284,0.11950015864696735,0.023032077122396015,0.08321663330411798,0.03138214226563968,0.09098926621576804,0.09665007744039213,0.04774323388610178,0.07541583604284287,0.03294903255561727
0.04108197583925442,0.10734983636721439,0.07327531754287686,0.04711325357310287,0.07540342570662256,0.03950892806628336,0.11736311704698278,0.008658129274142041,0.09347610912224354,0.008385655415219346,0.09600923328319852,0.06497264496177482,0.14758965806333058,0.074776400365606,-0.01354037189283991,0.07992034811800466,-0.13012325393211574,0.18527244002781498,-0.09612887621916874,0.5852897911788691,-0.09578695014488176,0.18932039183115282,-0.13151993965699096,0.08120699567990594,-0.01836278967067231,0.07825804584309093,0.1392507562646245,0.0690074889222722,0.09318021828015019,0.011247509663400742,0.10430734833999762,0.002796840572943375,0.12150448957202645,0.02241985170087939,0.08455543609737814,0.030452069864289836,0.09297378239488802,0.09526016649244505,0.0486155670425532,0.07674094164016089
0.08436807440203212,0.04116040505311152,0.10604407141639871,0.07388243145685651,0.04574990070100285,0.07634532611309372,0.03879550484597705,0.11692646257186477,0.007375682282971372,0.09387050052536006,0.006886888990017646,0.09731190743314327,0.06509493954683492,0.14660504980959813,0.07431094897889935,-0.014875563388639896,0.08042476802724914,-0.13169969530758724,0.18681922561967063,-0.09578695014488176,0.584363504296881,-0.09610022238650744,0.18768478762828036,-0.13108311016647672,0.07963539021226837,-0.0170271425537445,0.0778406634532092,0.13855969023304024,0.06804712169156084,0.09214330329270165,0.010730178789740861,0.10299685884769186,0.003152116496338565,0.11963382606091146,0.02434819712546267,0.08570716422328489,0.03115095467929719,0.09207286258506744,0.0946514318543288,0.047472904208945406
0.030234388101648715,0.08582342552924332,0.042589201347151384,0.1070462690661257,0.07619268755451192,0.04421771248825906,0.07733016470971775,0.0396106261791446,0.11871579221428621,0.007307650728270001,0.09641704653160824,0.004217736396748986,0.09503631926304239,0.06330358390559943,0.14744622721457562,0.07523582863981557,-0.01305357787015476,0.08144071590670572,-0.1295893578297853,0.18932039183115282,-0.09610022238650744,0.5875185047098554,-0.10011776530237174,0.18630492813106717,-0.13159685993762404,0.08244948340277519,-0.016855725509672192,0.08066538864269925,0.13541212996095475,0.0674118349206044,0.09371608394292101,0.010842408366537071,0.10603615221589593,0.0007386228805150365,0.12308914574129044,0.024047491422707373,0.08900896545235287,0.02849168736374163,0.09275227601553852,0.09549977751877432
0.09716989553472265,0.028854914756505284,0.081530661745041,0.04281463968506914,0.10169467921378825,0.07982205755173126,0.041655366239389195,0.07553627464606488,0.034984390016595604,0.11962617495008246,0.0014172679328585383,0.10202097576836305,0.006895166750694564,0.09484706924888772,0.06142081701709682,0.14362628265341718,0.07437210679705093,-0.017482943318962347,0.08248574808975409,-0.13151993965699096,0.18768478762828036,-0.10011776530237174,0.5883109101288093,-0.09772353502310219,0.1835109642715081,-0.13174816882159526,0.08138040833828336,-0.021325225762755563,0.08196846128188265,0.13388353670382633,0.06464157783404711,0.09081197846931553,0.008368498617972649,0.10462492653827321,0.0011656079111155824,0.1258561069312174,0.022024888800911413,0.08991961349578147,0.02647628964487605,0.0894227757012985
0.05799033394558059,0.09646357344434926,0.028594507602102512,0.08087105669389844,0.04215934580997896,0.10211746854312002,0.0795841247776662,0.0414102646301133,0.07509967290333473,0.034892751577795235,0.1189025969688648,0.0022596895350508175,0.1030486801576031,0.008042670307294818,0.09459877970127595,0.06140568550744255,0.1426148066352606,0.07438986425579816,-0.018955926213640274,0.08120699567990594,-0.13108311016647672,0.18630492813106717,-0.09772353502310219,0.5888205092615267,-0.09699070311625553,0.18177442637720115,-0.13169776157570376,0.08027357688986748,-0.019549997710540373,0.0825907832807539,0.1333087732786438,0.06499939762085086,0.08927695904042397,0.010084921255628501,0.10240239540682117,0.0009457978413307481,0.12409051053173532,0.023552758779943773,0.08979197318473618,0.026436718164736323
0.09282255097931756,0.0581311890567179,0.0942583108147583,0.029628923640274134,0.07857299589541189,0.043747356658705085,0.10091370476273932,0.07884851193821618,0.03924648670007919,0.07576772832711343,0.03236647556948814,0.1210958618674272,0.0024545571278970124,0.10137017506168962,0.00725839360729837,0.09234089799125247,0.062270520175630104,0.13994854380366772,0.0770229023573366,-0.01836278967067231,0.07963539021226837,-0.13159685993762404,0.1835109642715081,-0.09699070311625553,0.5861541063457594,-0.09471167358601273,0.18106796855370108,-0.13285360722922857,0.07862876552467976,-0.021310853774608143,0.08172256658763356,0.13108832869585785,0.06561809241773243,0.08609335104787783,0.013371967709170787,0.10435273944585317,0.002148281648427505,0.12254911336987565,0.022524759869743984,0.08785997764682706
0.03993221116794222,0.09374456510878725,0.061369025408411576,0.09396017865717272,0.033602475636705126,0.07587407746925277,0.045664322626118775,0.10224082642609542,0.08230819827275808,0.03853188498601503,0.08014089429623265,0.028235284956855188,0.11924102215300465,0.0028178010367033695,0.10276475169320154,0.010180811711490522,0.09280989512643023,0.06566588740121945,0.13886802190545447,0.07825804584309093,-0.0170271425537445,0.08244948340277519,-0.13174816882159526,0.18177442637720115,-0.09471167358601273,0.5859395948575951,-0.09388339037355876,0.18428011336923553,-0.13351375046131947,0.07991775480495905,-0.019298753949755925,0.08401459455417457,0.13269079453142088,0.06702535907151733,0.08534352246731775,0.011211221130880852,0.1055657280695412,0.0017415946176537575,0.12406821210693869,0.02506694810175673
0.07454171159792378,0.0401045105684851,0.09333547800316078,0.0617189729192602,0.09361150136509697,0.03384949160548622,0.07567013997208183,0.04555985587917504,0.10187604914478253,0.0824666033950685,0.03814923002137623,0.08042979517266459,0.028068300655508294,0.11865757005204008,0.002703789613917544,0.1022950563487135,0.010566395081451086,0.09224804341574896,0.06651500617151059,0.1392507562646245,0.0778406634532092,-0.016855725509672192,0.08138040833828336,-0.13169776157570376,0.18106796855370108,-0.09388339037355876,0.5857814853479132,-0.09390161716961566,0.1835768000545335,-0.1340082617542288,0.07985217591979099,-0.019836015591571752,0.08445449344587426,0.1316771778988069,0.06816296078264286,0.08579632713669263,0.011819972645793153,0.10493407949779714,0.001552159326688273,0.1236716921029422
0.03252047390342635,0.0759403208167026,0.040884587656831665,0.09453580655535,0.06330107408550079,0.09257840581311838,0.03446721274326246,0.07624737847745447,0.046688077397924486,0.10198138127674351,0.0842122473599621,0.03620449706989981,0.07834796805081387,0.025965928265157173,0.11924689668971272,0.0029986233381437983,0.10422022264047284,0.010843179130446594,0.09489068462777665,0.0690074889222722,0.13855969023304024,0.08066538864269925,-0.021325225762755563,0.08027357688986748,-0.13285360722922857,0.18428011336923553,-0.09390161716961566,0.5881344244868862,-0.0972655780463863,0.18253627251605298,-0.1327550134023706,0.07939541873667677,-0.0168330980835335,0.08138862357024593,0.1357449140813313,0.06837485968592645,0.08919281112046899,0.008939476455803176,0.1053102391398707,0.0018577797641132765
0.057320346978270834,0.03136496001769122,0.07296743959674754,0.040824247256416916,0.09072334510091283,0.06587967829099037,0.09077737311187027,0.03318106926102124,0.0729934126875987,0.047271329932190374,0.09778434225501753,0.08825470352035358,0.038336901347942064,0.07858952670555615,0.024618943073859,0.11667109463524113,0.002092116770785794,0.10124483607283292,0.011072943877071497,0.09318021828015019,0.06804712169156084,0.13541212996095475,0.08196846128188265,-0.019549997710540373,0.07862876552467976,-0.13351375046131947,0.1835768000545335,-0.0972655780463863,0.5895821783746549,-0.09809428669916372,0.18048701642393275,-0.13459452212221978,0.07723688496061347,-0.017231054624059796,0.08096143960290922,0.13753649157695244,0.06644593719116824,0.09029692432267536,0.007542016226346726,0.10305666315923401
0.06778278660164028,0.05728344212084329,0.029740005011562015,0.07357751523591591,0.03905619716602486,0.09193926205126207,0.06497403986415325,0.09020453980168552,0.031551439788069124,0.07345248553858795,0.04532707441528238,0.09951399836588162,0.08859381597999659,0.03736197805410474,0.07798133318129706,0.023004157881891404,0.11709163305299158,0.0001921999140583769,0.10283783295612506,0.011247509663400742,0.09214330329270165,0.0674118349206044,0.13388353670382633,0.0825907832807539,-0.021310853774608143,0.07991775480495905,-0.1340082617542288,0.18253627251605298,-0.09809428669916372,0.5884462612627241,-0.09882593785814266,0.17897153671406807,-0.13445158317309247,0.0752982270431975,-0.015317048682772743,0.08231095996975771,0.13805130901437362,0.06564291472139401,0.08953822370458017,0.006155116056005269
0.06491341938616005,0.06859238492210838,0.05755663976130934,0.03050616964875822,0.07430141701765172,0.03859032252962122,0.09219796833527108,0.065246191475934,0.09067976576792096,0.0316637562656461,0.07425194667085147,0.044387927760984235,0.09834050499037399,0.08726228857459244,0.037637231472611506,0.07797335021515239,0.024170957233139632,0.11704145091602809,0.0019067629703144284,0.10430734833999762,0.010730178789740861,0.09371608394292101,0.06464157783404711,0.1333087732786438,0.08172256658763356,-0.019298753949755925,0.07985217591979099,-0.1327550134023706,0.18048701642393275,-0.09882593785814266,0.5890940549261434,-0.09926015137724731,0.18073450350975298,-0.13645080472097573,0.07787758682046586,-0.015043741638755478,0.08434424259051958,0.1362861848066844,0.06577741725305575,0.08956185027783078
0.08799277071239735,0.06526775226341054,0.06706360665611734,0.058551302162396394,0.029049374430137758,0.075318758091116,0.037789833580626965,0.09174419380639105,0.06381046957725937,0.09120343443819211,0.0300634291477728,0.07556525938884925,0.04416629980207204,0.09669910039425705,0.08677386986524509,0.03598268386443665,0.07896827437364376,0.02220450402568653,0.11950015864696735,0.002796840572943375,0.10299685884769186,0.010842408366537071,0.09081197846931553,0.06499939762085086,0.13108832869585785,0.08401459455417457,-0.019836015591571752,0.07939541873667677,-0.13459452212221978,0.17897153671406807,-0.09926015137724731,0.5873346128702416,-0.09826029615252166,0.17778460128343573,-0.13324516327855504,0.07938945929249427,-0.01353283726818392,0.08266858547964447,0.13557575286115203,0.06437112785039156
0.03567970061865144,0.0892417464949264,0.06744292973747004,0.06754409179335225,0.06155506778052032,0.027031362933296107,0.07668998895419986,0.03881919036780581,0.09422611053714099,0.06347889807222339,0.09451165652867341,0.026780030259017804,0.07344426666184305,0.043238450437732376,0.09777154539884822,0.08851814650298236,0.0372675059638825,0.08095964339191947,0.023032077122396015,0.12150448957202645,0.003152116496338565,0.10603615221589593,0.008368498617972649,0.08927695904042397,0.06561809241773243,0.13269079453142088,0.08445449344587426,-0.0168330980835335,0.07723688496061347,-0.13445158317309247,0.18073450350975298,-0.09826029615252166,0.5898115026647703,-0.09913697112147755,0.179554311390342,-0.13430478063994028,0.08186552204385979,-0.01529505955698815,0.08369455790461584,0.1371193852616476
0.07853943829814122,0.03505779713004935,0.08558327044537246,0.0682338366883603,0.06327730669560146,0.06446796793691019,0.02492098980436483,0.07528236018568928,0.03501522214242614,0.09513259022372178,0.05878459129706334,0.09884068840422784,0.02829231212443197,0.07225224311141305,0.04175311738548295,0.09432339960885651,0.08863500002613117,0.033237858240759234,0.08321663330411798,0.02241985170087939,0.11963382606091146,0.0007386228805150365,0.10462492653827321,0.010084921255628501,0.08609335104787783,0.06702535907151733,0.1316771778988069,0.08138862357024593,-0.017231054624059796,0.0752982270431975,-0.13645080472097573,0.17778460128343573,-0.09913697112147755,0.5870061692107267,-0.09677344346533508,0.18225719630229295,-0.13456742222479698,0.08133194020364576,-0.017007880409663372,0.08071258430110571
0.04453762806501436,0.07960439929359026,0.03938396502640874,0.08500437853543505,0.07345434605437418,0.059725539271081596,0.0670071598979349,0.026657650437064508,0.0798631241823548,0.03402103842499799,0.10087748894055366,0.05339953218964029,0.09659442042186152,0.029088449300888906,0.07407962319708092,0.04571592806378183,0.09469285054138686,0.09324846507290299,0.03138214226563968,0.08455543609737814,0.02434819712546267,0.12308914574129044,0.0011656079111155824,0.10240239540682117,0.013371967709170787,0.08534352246731775,0.06816296078264286,0.1357449140813313,0.08096143960290922,-0.015317048682772743,0.07787758682046586,-0.13324516327855504,0.179554311390342,-0.09677344346533508,0.5854013552262685,-0.09976443596741472,0.18343734080903648,-0.13471590450750073,0.08336020909745583,-0.013567638066493993
0.07804379271669049,0.04413768086819778,0.08083206699979535,0.038460422675281526,0.08611295508575513,0.07267493789086653,0.060353072314460965,0.06734629910318,0.02778168263575593,0.07941537738570366,0.03523827828762433,0.0999159806565873,0.05373788578797575,0.09812734502326236,0.029455817525226673,0.07544843337860357,0.04473920339036386,0.09632508076873232,0.09098926621576804,0.030452069864289836,0.08570716422328489,0.024047491422707373,0.1258561069312174,0.0009457978413307481,0.10435273944585317,0.011211221130880852,0.08579632713669263,0.06837485968592645,0.13753649157695244,0.08231095996975771,-0.015043741638755478,0.07938945929249427,-0.13430478063994028,0.18225719630229295,-0.09976443596741472,0.5841154122445206,-0.10128225633346956,0.18505590441995606,-0.13414639797393307,0.0845196142393402
0.04892369225814973,0.07932777751453217,0.046881149400269266,0.08112309204441817,0.04209426117945946,0.08366251154780616,0.07436582362540858,0.061587602196455066,0.0704036781154148,0.027294774191385165,0.0834165599217438,0.03133213468756258,0.0976456752839304,0.05310985228271923,0.09941725133401842,0.031757139962856236,0.07662022700916973,0.04738485673204605,0.09665007744039213,0.09297378239488802,0.03115095467929719,0.08900896545235287,0.022024888800911413,0.12409051053173532,0.002148281648427505,0.1055657280695412,0.011819972645793153,0.08919281112046899,0.06644593719116824,0.13805130901437362,0.08434424259051958,-0.01353283726818392,0.08186552204385979,-0.13456742222479698,0.18343734080903648,-0.10128225633346956,0.5864697487156976,-0.10281591486182722,0.18634740619773632,-0.1321234937065528
0.09545801289605182,0.047968287266291064,0.07670724007439471,0.046896255421422575,0.07779602129715857,0.04434669756951146,0.08208330403828189,0.07324593675019463,0.05873511465731384,0.07093270127293781,0.023632316852245636,0.08692893778838706,0.03312403668457621,0.0977410418391232,0.051936111100687896,0.09712476112489912,0.031055357301460196,0.073968424682954,0.04774323388610178,0.09526016649244505,0.09207286258506744,0.02849168736374163,0.08991961349578147,0.023552758779943773,0.12254911336987565,0.0017415946176537575,0.10493407949779714,0.008939476455803176,0.09029692432267536,0.06564291472139401,0.1362861848066844,0.08266858547964447,-0.01529505955698815,0.08133194020364576,-0.13471590450750073,0.18505590441995606,-0.10281591486182722,0.5872936256017023,-0.10404720311554197,0.18434444900172278
0.03310450640097048,0.09589745522731467,0.04761795041722545,0.07732255739257053,0.04675266095637432,0.07791257412512048,0.044210721426311196,0.08205772711124737,0.07300666125207829,0.0589396190188182,0.070776697636123,0.02364417200725747,0.0863802974517339,0.032081056513716635,0.09770625799997773,0.051432333376623875,0.0979045767726852,0.030439909567156132,0.07541583604284287,0.0486155670425532,0.0946514318543288,0.09275227601553852,0.02647628964487605,0.08979197318473618,0.022524759869743984,0.12406821210693869,0.001552159326688273,0.1053102391398707,0.007542016226346726,0.08953822370458017,0.06577741725305575,0.13557575286115203,0.08369455790461584,-0.017007880409663372,0.08336020909745583,-0.13414639797393307,0.18634740619773632,-0.10404720311554197,0.5871339189455754,-0.10446291014956491
0.08696981320614071,0.03374229801520028,0.09499492231837071,0.0486686273711713,0.0766901343172664,0.04721377986160702,0.0774967834505564,0.04403664168819708,0.08131749308808668,0.0734169121363402,0.0582469660296411,0.0712061381669343,0.02291769438837805,0.08461346500134265,0.031885007340060244,0.09658037922047527,0.052679901202946834,0.09654647287543844,0.03294903255561727,0.07674094164016089,0.047472904208945406,0.09549977751877432,0.0894227757012985,0.026436718164736323,0.08785997764682706,0.02506694810175673,0.1236716921029422,0.0018577797641132765,0.10305666315923401,0.006155116056005269,0.08956185027783078,0.06437112785039156,0.1371193852616476,0.08071258430110571,-0.013567638066493993,0.0845196142393402,-0.1321234937065528,0.18434444900172278,-0.10446291014956491,0.5861919060322587
