0,1,2,3,4,5,6,7,8,9,10,11,12,13,14,15,16,17,18,19,20,21,22,23,24,25,26,27,28,29,30,31,32,33,34,35,36,37,38,39,40,41,42,43,44,45,46,47,48,49,50,51,52,53,54,55,56,57,58,59,60,61,62,63,64,65,66,67,68,69,70,71,72,73,74,75,76,77,78,79,80,81,82,83,84,85,86,87,88,89,90,91,92,93,94,95,96,97,98,99
0.5852445282043782,-0.12565304460721471,0.195842201762941,-0.14030859584866812,0.09798622082444854,-0.01370357676842831,0.08121302044802203,0.14212224976896276,0.06047645414421923,0.0897757838776756,0.006271118669100345,0.10933686063933898,0.003999512328709393,0.1332113276503881,0.019804681222363205,0.08860552485881597,0.03310093569619467,0.07945192488228078,0.11642354882923568,0.04353209519530523,0.0797762614786496,0.014233148086260026,0.09239092513654991,0.050822157698804264,0.10131715699431912,0.04826140396424401,0.0855184399810525,0.03728220901978704,0.05297478413765653,0.06951480738315194,0.043936098665318495,0.10042770172583085,0.03141836523163698,0.08305542644746867,0.05367577677602999,0.08661929991599242,0.044021981799758726,0.08655029502576357,0.029748657579534165,0.08741437499789527,0.04702123945754986,0.06466893261418769,0.07335249325323147,0.06288304335218985,0.09473866472521496,0.03441849323600731,0.07975806041101864,0.052775036291856856,0.08150497998997948,0.02141373474896816,0.08576709674814059,0.03221807073306794,0.11648319288646813,0.043761186290756954,0.06399095345323802,0.07386567328286194,0.044128278644030954,0.08147729463834087,0.040358959770106104,0.08805169569208132,0.07357593410832468,0.0527076601013699,0.09081291651464032,0.040276777303125726,0.07037808131350304,0.07418005792602703,0.045810853747425925,0.07109216805353082,0.048265554325818846,0.1034755966798565,0.07607416651411801,0.05690593378441793,0.059365486675510754,0.04177407806147484,0.05206321673526836,0.07215582137225196,0.08127357087692923,0.07415774895573872,0.08630075693015445,0.04972977825035769,0.058751365933074534,0.02426480198456489,0.08706421460692368,0.07012962814767895,0.1028909095633063,0.044408969052336794,0.08543388052802789,0.04782828965491133,0.037564948175170115,0.03485413243825054,0.08662949232233992,0.09307462272668118,0.06992782592392516,0.09222589734243059,0.03211181487793233,0.08031613666739286,-0.007783516117431764,0.13028719756017537,0.026778829021771502,0.09298901885388361
-0.12565304460721471,0.5856054513048089,-0.12468480774465691,0.1955128611719263,-0.13923085152739423,0.09711876220446038,-0.013544532282053373,0.0818629416758119,0.14249339463274377,0.06141543710048904,0.08953194608687981,0.007412497704694449,0.10828640724251046,0.0036590847421303064,0.1336724932397901,0.02033585597591601,0.08927452985569202,0.033546530308004086,0.08030679074371791,0.11642499408882874,0.04473608479982391,0.0785824265951949,0.0134360530229909,0.09204154893324241,0.051350210360548244,0.10174788562374536,0.04909323239355621,0.08557283764288952,0.03847491833958618,0.05183678042000363,0.06890668563796545,0.04399582532624707,0.10118752741155487,0.03153079134987127,0.08421223176108808,0.05267982083374301,0.08644827943534972,0.04462751340207218,0.08690476129825643,0.030692204863292383,0.08715283805162675,0.04815077179853815,0.06365291891867168,0.0731136646400924,0.0634414956865267,0.0951537559984864,0.03527898383444736,0.07973609891067625,0.053980003784131564,0.08030064249713399,0.020579718625375124,0.08532558995618386,0.032627388209363714,0.11705072870177638,0.04435560946364683,0.0645866814002787,0.07446717302638732,0.04471995991988532,0.08208801692325103,0.04093290870057538,0.08869572415327574,0.07408281632104798,0.05346878267294067,0.09105657489334937,0.041364927451311484,0.06964922212534173,0.07466912386723654,0.04618632728267991,0.07197811927362653,0.0481660087932216,0.1046742737580083,0.07486889381364945,0.05606670096350147,0.05891080228498499,0.042164381523755026,0.05264926350892422,0.07271298947242617,0.0819382416372797,0.07461968233289122,0.08713241400338038,0.04979395850151675,0.05994230992288972,0.02313595035639667,0.0864862166017166,0.07024489280437053,0.1036454128343628,0.04454996522273763,0.08657839143818641,0.046882708693977676,0.03753474816547723,0.035516643522962854,0.08691945025940769,0.09409668549477625,0.06941890941013852,0.09309737699651795,0.031784529797798534,0.08136684803828645,-0.008565343823212895,0.13064680232737047,0.02730074711804359
0.195842201762941,-0.12468480774465691,0.5857153471917181,-0.12457329434329763,0.1957274744909337,-0.13971495403894357,0.09616651462097225,-0.01266556563911073,0.08037803369689367,0.14572847163245853,0.057818170468214476,0.09519613837454749,0.005035097775749854,0.10577553049886447,0.003977351552744881,0.13260581225066007,0.022861378467207497,0.08753543339491887,0.03841789507888785,0.08068330421645806,0.11801889854139687,0.04066398272114798,0.073891157494954,0.013418413662968556,0.09068065997811586,0.05463569470171337,0.10321192444941603,0.04772209998904789,0.08734994789400985,0.0336182329895624,0.04912224711866111,0.06669848864073549,0.0463786677871147,0.09835782644993028,0.037768185118112294,0.08364150026294398,0.053158207859202125,0.08670979273422086,0.04441746036628397,0.08729811375786832,0.029727010106755686,0.08709317425402578,0.048231567653368626,0.06403033106363007,0.07354954090114917,0.06300798716524762,0.09600292820519916,0.03346680127747476,0.08177330959012762,0.04853974280357363,0.0779644338531493,0.0162504092842347,0.08947273535094297,0.03595116583100151,0.11889857212831664,0.044042650030344105,0.06584422006915326,0.07306492662528127,0.04879384667711773,0.08358170755450703,0.04090490967513907,0.08928899952518488,0.07344105517426154,0.055458041443442505,0.0916870226113195,0.040270783387435324,0.0682044063624439,0.0777244789929757,0.0476091814816703,0.07034999643792463,0.0496505431262488,0.10023162502123945,0.07043365842682203,0.054680692785548976,0.05683069257874624,0.046702825411837616,0.05567020642173711,0.07420940196374322,0.08119402058394538,0.07649123963865981,0.0842947330743236,0.05549198674432631,0.057049744618563256,0.019859121857643176,0.08602571494689805,0.06959697705399691,0.10532333154212305,0.04528179985464859,0.08502179093671379,0.04415317805678865,0.041066338927835865,0.03474443063535205,0.08905228693637077,0.08998759157600295,0.07332366054897266,0.09029036885471944,0.03467996115838082,0.07620651113418228,-0.004785180208956108,0.1331017095852138
-0.14030859584866812,0.1955128611719263,-0.12457329434329763,0.5856178589447366,-0.12448608408010498,0.1957818259061679,-0.1393085169099081,0.09591928713305792,-0.012012006964269215,0.07923477729408573,0.14712822475691872,0.05573576709904087,0.09597842491440037,0.005984785325413689,0.10572227406832302,0.004489315755532674,0.13170302674290071,0.023628567081778906,0.08572415503117847,0.038267521758054916,0.08023906948731956,0.11945604288512843,0.04241249919082348,0.07384211319363695,0.014047559731543164,0.0894356292109799,0.054183647548873476,0.10376911215407189,0.0472027716423003,0.08910989046977116,0.03460639896850682,0.05001511634859429,0.06586735840729317,0.04752860066151359,0.09604861951726668,0.037836555052414386,0.08342268434743917,0.0531508339767536,0.08685073131659136,0.04441162668283615,0.08764219614275402,0.02993224692391751,0.08689771253303492,0.048042253600748076,0.06394565238279498,0.07378959635700831,0.06280648900260036,0.09672427482535124,0.032845401079002606,0.08375603106932807,0.04934030660123291,0.07962526394886513,0.014657276063391825,0.08823435467883181,0.03530747619445043,0.11911941314593356,0.043636218596154006,0.06650012609169449,0.0715334368379169,0.04828853056806331,0.08369632012046445,0.040748990630977054,0.08966791897839405,0.07268447638594795,0.055380588831775115,0.09200764583926353,0.04092724000235658,0.0670425548589773,0.07729759629705808,0.048244446387953166,0.06994865671347258,0.05123406953974943,0.10187096186036973,0.07091505210354283,0.05557540848632381,0.05510941774217007,0.04558391385821679,0.05517836895682098,0.07458126396401714,0.08057893852407211,0.07763661756333673,0.08220675406828558,0.056467750871373124,0.058267665706476506,0.020061830799194862,0.08640603336703785,0.06894844961184407,0.10521437412670084,0.04575260620317337,0.08610875391480242,0.042846922499959916,0.04142178321672542,0.03405541065547402,0.09061420674743216,0.08856562637545275,0.07439391097680385,0.0893009111656302,0.03661855626014807,0.07475218815504743,-0.005683337665185115
0.09798622082444854,-0.13923085152739423,0.1957274744909337,-0.12448608408010498,0.5859560471281843,-0.12509331360912251,0.194773036666888,-0.13829806433742045,0.09435846494248563,-0.008437610310370349,0.0753398500460069,0.15333649325883375,0.05307313669683527,0.09324283993034528,0.006373138667153136,0.10462739135318798,0.00727336176392505,0.12987610747781847,0.028955237487113917,0.08612942736965275,0.0401023919678595,0.07573866929691268,0.11432890515382492,0.04235874700594863,0.07243035197583689,0.017625609848329997,0.09109372406145556,0.05271372309717609,0.1057999891144799,0.04186371653928462,0.08612852833417026,0.032236323392321756,0.05265467772066313,0.0628337895644117,0.05435516928187483,0.09533538829418677,0.03833427840099477,0.08376433917220893,0.05296009574113052,0.08736788663743837,0.04334704723588626,0.08769041643541825,0.029918062852204812,0.0872800381957923,0.04856683733229897,0.06352050984634924,0.07478894737437161,0.060854394817344136,0.09903623986114778,0.026871816620930772,0.08115926376052371,0.04463802807035943,0.0841283303795645,0.01829014570710936,0.09028179513651198,0.03503002263470386,0.12053238999153953,0.042186289507535626,0.07094441136876825,0.07319777115567519,0.048322501594218914,0.0843851326952673,0.04013420759587818,0.09183261191092638,0.07347113803948617,0.0541307489257816,0.09050169915968512,0.04425217173044716,0.06866172170971098,0.07553582869520023,0.049961105611325614,0.06504840995166176,0.04637823025538117,0.10033436385920849,0.06871569964497377,0.06051710136589916,0.05841540537552184,0.04726020613471427,0.054423561772273005,0.07667783164458569,0.07753198148803495,0.08388622658547149,0.07898200301099527,0.0528843572174547,0.05778363782786383,0.019439766614012817,0.08822550676921079,0.0698498129810623,0.10344536150779116,0.042812625532594295,0.0899746830657187,0.04204487996702894,0.04381843793641093,0.029583374857131382,0.09490245439935088,0.08551271203626302,0.07761396887473898,0.08367057598589481,0.040721802556995784,0.07744561310982113
-0.01370357676842831,0.09711876220446038,-0.13971495403894357,0.1957818259061679,-0.12509331360912251,0.5866754813553043,-0.12445395168389527,0.19385152507614148,-0.13735227245861423,0.09157112471790219,-0.005671034153957336,0.07066863639305795,0.15553475189108137,0.05507499230079872,0.0928152452145685,0.006942516676729414,0.10247803213715273,0.008376515363658939,0.12591144753938208,0.0286756827035752,0.08444779537155502,0.043615863614530306,0.07954587237884199,0.11448727674804604,0.04314739814988483,0.06981704463959612,0.016194972451032286,0.0920869538501622,0.05090104779677943,0.10987152809107213,0.04412779042541769,0.08773971160647452,0.030154902255730125,0.05470440753533223,0.05773148306158523,0.05519222677903438,0.09505208393431275,0.03788869089379738,0.0837725448574364,0.052276252312727325,0.08819175747772148,0.04292148765976442,0.08805310804033006,0.029737770280360985,0.08672484744083381,0.04871538468374542,0.06253349839273097,0.07614070240149394,0.05884391656883857,0.10356772978442048,0.028949542620060487,0.08455040939678182,0.04139523250934141,0.08142975503326935,0.016673887691386845,0.09026590392735688,0.03384817029537343,0.12132521966144526,0.03891400758899514,0.06959905541999249,0.07295066884946749,0.04767214358917138,0.08454405987229015,0.03855905721143027,0.09091296862898315,0.07458490133573888,0.054997794572545985,0.08808187159119568,0.042829538217275885,0.06990937598518403,0.07393743696943064,0.0537538671362425,0.06868344590144375,0.04759420454897959,0.10171316469166837,0.06510949601843341,0.05804720398851185,0.057030302337666774,0.04761947491057776,0.052691070740979035,0.0787535387876308,0.07281508555902316,0.08649876944975411,0.0816501455336613,0.053177598960863035,0.05794987778233007,0.018137980257865994,0.08720730730119484,0.07139633685394906,0.1054801935832597,0.039920584784367184,0.09042621385230193,0.04003962236270689,0.04707446413761025,0.02632795626622323,0.09711824386310798,0.08293054367214513,0.0817623483385769,0.08072034736226552,0.03868593349940384
0.08121302044802203,-0.013544532282053373,0.09616651462097225,-0.1393085169099081,0.194773036666888,-0.12445395168389527,0.5859812047811944,-0.12464679998684465,0.1926400406456258,-0.1365415511686035,0.08983223211507324,-0.003725587872767464,0.07044998754197142,0.15449914119609204,0.05476884993118739,0.09166813767058127,0.0076424216637946745,0.10104774097721925,0.010182287745589646,0.12611864502272074,0.028299361908912034,0.08343977008585525,0.04184947077664073,0.07990168256647738,0.11318035013797016,0.04451789987097538,0.06975816676051715,0.015378001370637853,0.09182399182768289,0.049399688661141125,0.10900314182373862,0.042841239514999616,0.0882654908922327,0.02846869301560557,0.05695145007420543,0.05845728450869797,0.05563636359705539,0.09456341689449331,0.03740133947803289,0.08300325880050144,0.05201489622887372,0.08697673921683538,0.0440294337141309,0.08851222682119785,0.029395020371489278,0.08605019152816298,0.04828568037808991,0.06155194579282376,0.07600909286086652,0.0570884802774008,0.10314543371037302,0.02701170374041403,0.08642095371782141,0.0426438056890343,0.08183205001198468,0.015877036185174845,0.09033357488727607,0.03245173720066416,0.12294440462384272,0.03914141207828812,0.06890962204535418,0.07274913187057803,0.04651996064502953,0.08539178562941672,0.03776988556229241,0.0910691401602454,0.07327224802202287,0.056298549602457525,0.08794352994087676,0.04203119813474057,0.06947798793661909,0.07273597797418929,0.05217349253827759,0.06839093350100976,0.04603273893801726,0.10361568453446572,0.06620104997351815,0.05818118573008776,0.056134395858773715,0.04778667291161835,0.05105092261548876,0.08066587620834428,0.07239290515587958,0.08528716887489321,0.08127426599990181,0.05202893083440321,0.05873244678162497,0.017346033600539212,0.08733390709683761,0.06991489857087543,0.10674457987229315,0.03918911731161927,0.090539003864577,0.03829439148879903,0.04832703633634202,0.025114440990120317,0.09762377913341765,0.08088816030145887,0.08348148597792102,0.0815350208296615
0.14212224976896276,0.0818629416758119,-0.01266556563911073,0.09591928713305792,-0.13829806433742045,0.19385152507614148,-0.12464679998684465,0.5868510526193943,-0.12484059710376989,0.1945797662913069,-0.13800352446647535,0.09279195210500296,-0.005464022246906385,0.06928171668917653,0.15501021022787198,0.05485937084144963,0.09312682011641428,0.007424929650388952,0.10348311768233226,0.010314400607784324,0.12771809802660783,0.025847425208125576,0.08111715141352677,0.04153995803803212,0.07988723994273218,0.11469625036519845,0.04574905029922662,0.06932886389471304,0.017031332567705802,0.08914785314824505,0.0479281834054067,0.10828754326337389,0.04432919777526055,0.08737964939878942,0.031641025572872676,0.05588824930233465,0.05847504240936341,0.05625306862873655,0.09479821475406998,0.03835738262127911,0.08244069720528846,0.05297499366974099,0.08612256060270607,0.04395321618309852,0.08914865052118219,0.02960479986542717,0.08709253297315317,0.04763678305152974,0.06330631974437691,0.07307253034337396,0.05555230612755282,0.10125739116025667,0.028808483202480896,0.08806895987498854,0.043802196271830046,0.08224058307656269,0.01683641036299419,0.09036001056464903,0.03439794613397832,0.12396192994463508,0.03969092552741373,0.06955596894993349,0.07318701041777756,0.04742291242032289,0.08655579805811268,0.036756706386795936,0.09099167437234576,0.07466018549827044,0.05756238397773326,0.08729123247920346,0.043588026224531014,0.06688733507458965,0.0704657537508841,0.051296956243409526,0.06800690950409113,0.04811897837871646,0.10514943715474172,0.0672982999260529,0.058323652100158094,0.057507031195248935,0.0468561634860424,0.05406544226216245,0.07868031787458765,0.07075213135993896,0.08522721128259518,0.08170425760999069,0.05273452875030071,0.059980637477317834,0.01598393577032668,0.08635903002258731,0.07171760265594956,0.1067279821098363,0.04081790022246116,0.08866896205268363,0.04040824671476613,0.047067256883136656,0.02703314203774203,0.09515139265602625,0.08251422643361236,0.0847879025176094
0.06047645414421923,0.14249339463274377,0.08037803369689367,-0.012012006964269215,0.09435846494248563,-0.13735227245861423,0.1926400406456258,-0.12484059710376989,0.5847591183753209,-0.12316093748634174,0.1913941688846781,-0.13423488729405875,0.09215112731152572,-0.007407220700623545,0.06883963983298828,0.15307178918795938,0.05627607178088737,0.09065880821749507,0.010874799556078646,0.10385619223246555,0.009921089544409848,0.1256234580586269,0.022482007401447485,0.08167491523696328,0.03931329789900601,0.08245415959593835,0.11478631481817435,0.044292191717581586,0.06913681980194596,0.01406237290634188,0.08744241026613339,0.04562783849203385,0.1094124017002056,0.04132231115404408,0.09169447201021105,0.032712041792123836,0.05664692790512906,0.057738629349690804,0.055459870408620944,0.09363662504343238,0.037825601949229216,0.08052108460919842,0.054728736113692375,0.08689221489235399,0.04346820597849339,0.08803278783964327,0.029034525954142635,0.08532161305353178,0.04768392112081273,0.05986466425861542,0.07211635156802496,0.051962246518595434,0.10471880856380654,0.031188294039769426,0.08893270910879157,0.04250907074793691,0.08250403394807902,0.014463725331601455,0.09341670142946537,0.03494225558529691,0.12287342203338986,0.03944779758246539,0.06766259413118,0.07476941760562751,0.046259618840274165,0.08666501811974268,0.03451055889229156,0.09342010622324315,0.07462005160500158,0.056102771721729276,0.08679760755820569,0.04114271750836602,0.06384662350109345,0.06983241878565394,0.04857994372639882,0.07156748672131966,0.05021387974499068,0.10554705988263367,0.06579545883671027,0.05882037116211832,0.05457163845915776,0.05057691777056917,0.053040007285421666,0.07636455328519141,0.07010310665461701,0.08333859984888659,0.08314526468698133,0.05157952191553976,0.0599855996030886,0.013311814817756918,0.08878966406616563,0.07047005802411374,0.10717168519052063,0.03755844721883875,0.09112757709165079,0.038148106559296735,0.04822423142057956,0.02317483326133807,0.0983287273483496,0.0841027337938054
0.0897757838776756,0.06141543710048904,0.14572847163245853,0.07923477729408573,-0.008437610310370349,0.09157112471790219,-0.1365415511686035,0.1945797662913069,-0.12316093748634174,0.5869958467202187,-0.12294806703438353,0.1936144846038229,-0.1370946037875088,0.09172537526507887,-0.005942924195372366,0.07093882524941586,0.15460190517664452,0.058280089286729425,0.09214069568490536,0.010771288310651566,0.1074594668898875,0.0070654773301396506,0.12428463785296175,0.02130833264787012,0.08384826108913619,0.03982072743242795,0.08483919249585677,0.11536455537422245,0.047804668404836714,0.06669543402450841,0.012792080332451739,0.08827959697930092,0.0475054458543532,0.11060630301720133,0.04342966506815622,0.08849853551023458,0.031997325755121125,0.05861463539662139,0.05899502345154866,0.058530048810681704,0.09303208309187246,0.04165368152826383,0.07706991975813246,0.05381431148087381,0.08865088861641,0.04499346781721962,0.09069152576998064,0.02948210565226612,0.08880057190164169,0.0451867278924773,0.05772332289334026,0.07187304495744301,0.05214939006036127,0.10567678529327347,0.03266186433472466,0.09103271440409744,0.04417644824992124,0.08490396058540584,0.015351473136176576,0.09492314451266791,0.0371231890265252,0.12441279380237817,0.04220047666464136,0.06791201747258038,0.07825921551215066,0.044115509538735706,0.08873098764945744,0.0348978120570135,0.09599959867231066,0.07475288677123794,0.059719607068868676,0.08401007524777131,0.0395880249323946,0.0627115657277094,0.07174805859211533,0.04925070676556805,0.07257766142940364,0.0520256236511234,0.1073198064366043,0.06806260077963995,0.05985379402173718,0.05694943988103322,0.04760099648510529,0.05203321710666592,0.07688600730283507,0.07283522475867245,0.08333127927335461,0.08679603054747223,0.04883734771238256,0.060669461644413475,0.014530403088003165,0.08999024454251785,0.07330439071548597,0.10663755274409259,0.03937464779164188,0.09083141394862335,0.0408595671103403,0.04707195251189906,0.023299895672671024,0.09938291819816596
0.006271118669100345,0.08953194608687981,0.057818170468214476,0.14712822475691872,0.0753398500460069,-0.005671034153957336,0.08983223211507324,-0.13800352446647535,0.1913941688846781,-0.12294806703438353,0.5836784507094684,-0.1206403530153803,0.1948454774515943,-0.13875482151876506,0.09032664306684439,-0.00924974624183077,0.07135149152431024,0.15082896858427988,0.06075272896926193,0.09258059968126751,0.008022264453006488,0.10723734829925771,0.004583523462162122,0.1256087137127815,0.0176654404961836,0.08607732740690731,0.03835071239128597,0.08300754563465648,0.11287571352968061,0.04643935349562076,0.06582476786255827,0.009949555743682042,0.08817383305265633,0.043724726074844796,0.11353280939238072,0.0465884056521786,0.08972288775022998,0.02997570024183588,0.05700157333836329,0.05582816931144905,0.05839489258355854,0.08861328676769271,0.045660482839541564,0.07843583639232106,0.05218021611733206,0.08654006799996201,0.04268564353732966,0.08863200485644526,0.027253810052300716,0.08700016219118575,0.0456332668432918,0.05430075816579997,0.07520399928786939,0.05389711476952609,0.1055747707463083,0.029998297758558497,0.09020504582291068,0.04023968215682146,0.08737291931849797,0.014909263639076738,0.09241078972085444,0.03587384104932177,0.12072351222616717,0.04361606720140223,0.06446902205810011,0.07977048074549621,0.04052340217579422,0.09090048717499068,0.033170720808362024,0.09445651052680958,0.07189491381043758,0.05910311102869259,0.08199325669107527,0.03969852134684332,0.05874800996704634,0.07486164271999823,0.050680047219949634,0.07178943288026035,0.04936686542707156,0.10633260187581244,0.06445816509234481,0.06201073725608618,0.05787271962212286,0.04594909395233295,0.05104466128944373,0.07321492539132048,0.07427766148425982,0.0797912743301018,0.08859442982374012,0.04572419155720737,0.06229744482438151,0.01250055691725018,0.08857919098781943,0.07040186931284713,0.10790259871060486,0.03731347267450495,0.0902123309839202,0.03776386837593371,0.05016008874119629,0.02419523461506815
0.10933686063933898,0.007412497704694449,0.09519613837454749,0.05573576709904087,0.15333649325883375,0.07066863639305795,-0.003725587872767464,0.09279195210500296,-0.13423488729405875,0.1936144846038229,-0.1206403530153803,0.5845657065330958,-0.12442322717850186,0.19544019411718402,-0.13633518412319348,0.09461294783680858,-0.007898590482537233,0.07583040779122431,0.15083548234633098,0.06036748272348455,0.09809951021479707,0.005156419741491003,0.10738725447954622,0.0025166400644570128,0.13018415594956742,0.01679938647529399,0.08951075740867102,0.04010974639991322,0.08826747457027682,0.11116386706052697,0.04564931924154001,0.06849126674016369,0.01199205495247297,0.09180503973803501,0.044104428420581626,0.10818525153722836,0.0450671856629131,0.09306357859824987,0.032311155096805565,0.06222187459071149,0.055276818112863786,0.06519919301743708,0.08246444336078865,0.04384016400636157,0.08131312132362088,0.055111283791892514,0.09078779010513754,0.0444502942635762,0.09369300728885673,0.025756515852713054,0.08446605561549109,0.047526939354919306,0.052405518585334716,0.07511445311526885,0.05551203440542415,0.1094579049130387,0.03227297636828161,0.09520353499959525,0.03962321191393376,0.08923611451638333,0.01878259255123338,0.09481560996350269,0.04108813398553139,0.12009687240443336,0.04945143894437004,0.061263240014213474,0.08420101760351033,0.039568284139078376,0.09470004553341568,0.03427974675675246,0.10005812459585779,0.06934843044429378,0.058733669705800906,0.0807292734733365,0.044204154730906026,0.05749828245529671,0.07502701124500993,0.053081890159377795,0.07532512686707138,0.05237296552982729,0.10968418936684274,0.06560586532168719,0.0582988414403142,0.0578507059822678,0.04711881190134315,0.056225883697780636,0.0723012158478294,0.08034337465271059,0.0757757141765645,0.09126954943450082,0.04598413379061968,0.06483594437269305,0.016369813614894094,0.08984014388431795,0.07151872584986034,0.10888554412718868,0.04055597134805197,0.09094405823884788,0.03595580799224188,0.0507071918554676
0.003999512328709393,0.10828640724251046,0.005035097775749854,0.09597842491440037,0.05307313669683527,0.15553475189108137,0.07044998754197142,-0.005464022246906385,0.09215112731152572,-0.1370946037875088,0.1948454774515943,-0.12442322717850186,0.5875449665616417,-0.12314944095706586,0.19426074966128834,-0.1374398074232511,0.0925363872759228,-0.008675697759929475,0.07288570755903608,0.15076527151046415,0.05715309729683198,0.10172812507067776,0.007928531472338532,0.10824121009442747,0.001471732527718438,0.12855325583447227,0.014514323054900346,0.089621149948472,0.03689038075646933,0.09189909648600268,0.11312563862992898,0.045895002021180235,0.06621880445335564,0.012219485429217546,0.08788306792771895,0.046630959309566136,0.10851699951087895,0.04354622124779439,0.09223755798714663,0.029943673169791872,0.06302975537549142,0.052536651296848896,0.06765916631136645,0.08297920908557425,0.04240296647554972,0.0803790417649425,0.05286533009211989,0.0911622615797716,0.04115500529431581,0.09758953875331401,0.028201392946635418,0.08630809465736558,0.0457955569232917,0.050434670938559724,0.07333955685288861,0.05411670011440465,0.10777033488764765,0.03108044049729559,0.09299465032015844,0.03796090680402232,0.08767268006062146,0.017443103199576575,0.0930757324695663,0.04014240185564459,0.11733524476566141,0.05142022389913427,0.060328142133266906,0.082745441889356,0.03715871117734446,0.09523085416478613,0.031097671404422763,0.10378022813662266,0.07217780885923498,0.060086457863999854,0.08014721910858376,0.04197307574974173,0.05560632378200822,0.073143290360454,0.05208877265485395,0.07296829766714585,0.05271930199840045,0.1057746170279097,0.06886729791086196,0.06028685149667036,0.05765157141278629,0.04539614445605615,0.055585310622649146,0.06938437510307927,0.08292185338630242,0.07633273714505687,0.08903060018630908,0.045414783917459095,0.0619691427498147,0.018337008251632186,0.08702619899459328,0.07281295957092779,0.10581389779910458,0.04337398789948263,0.08939874338273729,0.03424995414905656
0.1332113276503881,0.0036590847421303064,0.10577553049886447,0.005984785325413689,0.09324283993034528,0.05507499230079872,0.15449914119609204,0.06928171668917653,-0.007407220700623545,0.09172537526507887,-0.13875482151876506,0.19544019411718402,-0.12314944095706586,0.5868399985914977,-0.12417456876697273,0.19215949271752789,-0.13760146726530445,0.09023144414513529,-0.007826285274875128,0.0731236679092749,0.14857894051833762,0.05772074615889809,0.10084035285828849,0.008848689185059594,0.1059593237122359,0.002433432399652048,0.12727575384458464,0.013488689257829744,0.08758255666743735,0.036805281711473556,0.0917770418392898,0.11154819703465489,0.04539956591588942,0.06410170127891168,0.013141208812081867,0.0901718786409941,0.047394165479050905,0.10707052182597421,0.04246625855440778,0.08997455551809966,0.030021076954139074,0.059979943284504185,0.05529737852750511,0.06853830803796598,0.08177023501557769,0.04101785593180124,0.07863022781104691,0.05176001871774358,0.08925803428051533,0.040871963398572166,0.09831272738551793,0.026598038567911653,0.08788027656604787,0.04641710308159996,0.05003662132259514,0.07155026528726421,0.0533206635147535,0.10529224401700901,0.032068598692701025,0.09242373533676528,0.036225853406591894,0.08670228792184503,0.015001675102672307,0.09370369471734248,0.03764614071820119,0.11857577894837353,0.04918838013051959,0.06128936075200603,0.08129719027589231,0.03637846113210058,0.09298844478948594,0.03145783364348467,0.10316923734332806,0.07249990610822057,0.057709914976735305,0.08149952486672796,0.042427769852568395,0.05479527963716205,0.07143373878610403,0.05107345392985099,0.07097469972604317,0.05320360241703568,0.10692656204290574,0.06830379823884122,0.059683785035221225,0.055223838550662416,0.046097862337365854,0.05300389886695853,0.07090571026430706,0.08124934550561846,0.07683453256718788,0.08776158192193598,0.04405962179213977,0.06068694433772476,0.018521323951884935,0.08609600254791143,0.0718711882682639,0.10458416454189108,0.044843018996022936,0.08958388584233773
0.019804681222363205,0.1336724932397901,0.003977351552744881,0.10572227406832302,0.006373138667153136,0.0928152452145685,0.05476884993118739,0.15501021022787198,0.06883963983298828,-0.005942924195372366,0.09032664306684439,-0.13633518412319348,0.19426074966128834,-0.12417456876697273,0.5870898176282139,-0.12441626206233822,0.19328426036380644,-0.1381160887136385,0.09227605025065616,-0.0076867894644945265,0.07405772612559668,0.14673236631361208,0.05575923365893661,0.10073364250175164,0.008497422250769906,0.10729648256821764,0.003212790392871749,0.12678486773457281,0.014487187390175923,0.085462174436456,0.035628155015495086,0.09097847841592077,0.11264630537641653,0.044386536660704815,0.06673749909616938,0.012644763370636202,0.09029954587917223,0.047664421631007994,0.10709458400410168,0.04288215165493832,0.08954301573495269,0.03032296615198382,0.05971841512120767,0.05536830028612779,0.06885947115336716,0.08172914047003882,0.041578306439447744,0.07795452261649388,0.05285811146839207,0.08690306018235036,0.039769804831217184,0.09658689619605358,0.028247348432482222,0.08927081440170198,0.04727015235200175,0.05009185992392838,0.07218728970242615,0.052972366927235726,0.10697225177421442,0.03278495487091365,0.09259808791572652,0.03659036927007129,0.08668350162138982,0.015806369445181066,0.09424863845519255,0.03703294879469908,0.11818232940587817,0.05042468481001591,0.06206902683935469,0.0806672257660078,0.03727059528971943,0.09100171319530173,0.029578813820163818,0.10252686110036036,0.07184346038953827,0.05955445028659334,0.08277522449932301,0.043171148775728314,0.054652843575006084,0.07236358199893447,0.0500436409280817,0.07342105017123564,0.05181137648596581,0.10555036651289844,0.0681667480077757,0.059660826978447386,0.05588408455444783,0.046696420866976215,0.05215772718370016,0.06988878071477092,0.0827438851192095,0.07663243721265371,0.08884254459524916,0.042395804740573244,0.06237925492334656,0.017390576381213014,0.08746687802737613,0.06974078392481307,0.10608365733972314,0.045899520140095726
0.08860552485881597,0.02033585597591601,0.13260581225066007,0.004489315755532674,0.10462739135318798,0.006942516676729414,0.09166813767058127,0.05485937084144963,0.15307178918795938,0.07093882524941586,-0.00924974624183077,0.09461294783680858,-0.1374398074232511,0.19215949271752789,-0.12441626206233822,0.5853758161795144,-0.12269967549152688,0.1910007501702178,-0.13427569626861452,0.09265142540889118,-0.007553549980108742,0.07142987840951572,0.14300215286379545,0.05616618354600909,0.09872874449547253,0.011264810255539314,0.107751953374505,0.0017732939292219995,0.12711532344121912,0.011005613174071234,0.08348227158947258,0.033343742924794875,0.0924417707673793,0.10967532000897365,0.04922823555442318,0.06737627651612953,0.013331787481024322,0.08982554906772998,0.047023219228348664,0.10634183174613093,0.04223323394728983,0.0881104644284632,0.03163871807882103,0.060386709919599144,0.0551261710293404,0.06792076511245246,0.0815339002252946,0.03978983961002816,0.07853060770580841,0.04887262293152835,0.08557664638005212,0.03596997732807805,0.10024338229637758,0.030886822474278573,0.09039925306583627,0.04623265456156797,0.050620424020858514,0.07006363460977044,0.056310694558576874,0.10777083975502853,0.03197418280414447,0.09257629251763905,0.03502251573147909,0.08837989366774728,0.015115357051559948,0.09403852494195335,0.034991369120546546,0.12078636523205416,0.05077312463984993,0.06055921454537354,0.08069737219332507,0.034285493591469506,0.08757916642771074,0.028743135626896205,0.09996897645787786,0.07567709756212242,0.061903192911683926,0.08346627903602598,0.04186428997786386,0.055516710225657136,0.0694432397066346,0.05430359789650704,0.07189569779779333,0.04923164399033617,0.10494902059267691,0.06660077459999202,0.06117013941605408,0.055226126870381094,0.04628648679755046,0.04946041884276796,0.07262097986809575,0.08161800076879139,0.07752660057493613,0.08534522123269075,0.0452478047146987,0.059965407473491515,0.01901376813731658,0.08324827126032541,0.07309010458456282,0.1079082764153899
0.03310093569619467,0.08927452985569202,0.022861378467207497,0.13170302674290071,0.00727336176392505,0.10247803213715273,0.0076424216637946745,0.09312682011641428,0.05627607178088737,0.15460190517664452,0.07135149152431024,-0.007898590482537233,0.0925363872759228,-0.13760146726530445,0.19328426036380644,-0.12269967549152688,0.586401181973251,-0.12101162303964302,0.19182793858913616,-0.13438249166367688,0.0953637630945387,-0.009511008740763376,0.07070239501072909,0.14208438185416478,0.05796095581362928,0.0989013874047953,0.013032155677818333,0.10829847239127603,0.004402009491544419,0.1255358522823601,0.010196611934682779,0.08428878389545927,0.034650948310058244,0.09357008761325498,0.11089883062366263,0.04676487288741743,0.06678394664605397,0.014854602553113955,0.09082365881963156,0.049400244031157226,0.10593448315168225,0.04523466729348616,0.08540270700623631,0.030896923023820286,0.06173392995261657,0.0563500823793608,0.06994446541362137,0.08200827308238634,0.04237452464207325,0.07694734622764024,0.047355727147841975,0.08568218894277324,0.03583291641481574,0.10076618118921604,0.0319142549509585,0.0920649401347602,0.04745220300415319,0.05259543522487346,0.07048015042535859,0.05738808404415574,0.1094804065247439,0.03313892792822514,0.0947755018719189,0.03508178132164634,0.09106926373612478,0.013511358358729011,0.0957549616083925,0.03508565180730015,0.12270878712142441,0.050988468748831534,0.06328964915049964,0.0788185583656079,0.03337147572587712,0.08678520483580766,0.0303853084820008,0.10018382743179638,0.07626147565610916,0.06321944418729776,0.08490521612824929,0.043511460610778,0.05651991951107349,0.0709153916248823,0.0521712783448325,0.0713314678897268,0.04967142831317881,0.10713255174592731,0.06648030216323737,0.06397861290413058,0.053185472490555316,0.047008597368305184,0.05017306352161947,0.07361382999881635,0.08369140990864905,0.07738937010096338,0.08650027351660325,0.04520786211215822,0.06189046055670666,0.018464421057988536,0.08308769653419582,0.07374765394392215
0.07945192488228078,0.033546530308004086,0.08753543339491887,0.023628567081778906,0.12987610747781847,0.008376515363658939,0.10104774097721925,0.007424929650388952,0.09065880821749507,0.058280089286729425,0.15082896858427988,0.07583040779122431,-0.008675697759929475,0.09023144414513529,-0.1381160887136385,0.1910007501702178,-0.12101162303964302,0.5834896229359343,-0.11691499207302421,0.19226930725484617,-0.1348259741489188,0.09286421468268695,-0.013506687933379623,0.07135589675491172,0.13945983190488892,0.061005388273408616,0.09902299368570444,0.011309695239520818,0.10809288195740374,0.0008691627701738345,0.12350732410416346,0.0074764142685243215,0.0856332347478015,0.031095874876784863,0.09869541369051023,0.11214779645718378,0.0476592836131581,0.06592374307827054,0.013922677041867955,0.08946659676938772,0.048766418775131534,0.10368405703114109,0.04729092649114978,0.0863088740907509,0.03033327344789258,0.06042139412637288,0.055691035645670225,0.06784909179850909,0.08208585408379773,0.038281283663484295,0.07580109799272622,0.04310073784607035,0.0897844133116161,0.038658478544332645,0.10179874834641665,0.030395290038240253,0.09238749001315123,0.04465605951079651,0.05622251984690505,0.07113445363137427,0.05611205372591603,0.10920196688428391,0.030912870304935895,0.09665188136301504,0.033725321808867656,0.09118527289911817,0.0108630492158129,0.09863456428678434,0.035054215035652765,0.12098028181055542,0.05042622004334244,0.06037505692845177,0.07520623961010749,0.03261401587264841,0.08357808009400436,0.03460803754036505,0.10267215752380338,0.07674389293263043,0.06144996590240084,0.08550788659128654,0.0400400899994996,0.06094308835210015,0.0696818758549666,0.049421292691127654,0.07056576682433757,0.047450885864751616,0.10883979787344984,0.06513466623928729,0.06396736225557059,0.05002384022774419,0.04989600234272806,0.048702483929016833,0.07415723072724625,0.07982630353335182,0.08031365984604613,0.0838206303008253,0.04659557271186893,0.05731197398215211,0.022229679051455967,0.08497633064992913
0.11642354882923568,0.08030679074371791,0.03841789507888785,0.08572415503117847,0.028955237487113917,0.12591144753938208,0.010182287745589646,0.10348311768233226,0.010874799556078646,0.09214069568490536,0.06075272896926193,0.15083548234633098,0.07288570755903608,-0.007826285274875128,0.09227605025065616,-0.13427569626861452,0.19182793858913616,-0.11691499207302421,0.5828426030723587,-0.1172977592942861,0.19681652863706622,-0.136752572632894,0.09362203845661579,-0.01528727516224267,0.0754851235039577,0.13827257866582354,0.0637710154890894,0.10072408161309755,0.015608967062865723,0.10726686826618993,0.0005513358260876722,0.1261033615177346,0.008919090047744693,0.08914472134638783,0.03058776465222129,0.09415892672310151,0.11077145858635393,0.05050601927897509,0.0679665124134238,0.018373153238023257,0.08912029757996501,0.05464398886286751,0.09836907104110945,0.04567010579528912,0.08873250287390322,0.032919772123360974,0.06397182856912073,0.057456058195754875,0.07194191731704411,0.08152310335185575,0.036408286107613715,0.07801464916480702,0.040910240206724874,0.08926186677052002,0.039803988671500215,0.1051903752502756,0.032189012201689335,0.09688718952992272,0.04357847825720074,0.057629646755797584,0.0744794448158217,0.05810703400467607,0.11378593900237768,0.030105803551240515,0.10160116955133709,0.031106513504014267,0.09520074433860547,0.00962979836148353,0.10172154158176262,0.03622901830908009,0.12561349834723495,0.048824755252643286,0.06065057526831004,0.07430158272612258,0.03677938084904377,0.08189199488298299,0.034345959565346196,0.10454357212631794,0.07989358645698415,0.06379236949898938,0.08877923509628045,0.040266737111356546,0.05812863503399883,0.07010189784742404,0.05049201905230162,0.0751220359558508,0.046437896514347245,0.11397420164499031,0.061879278454483766,0.0666406815808778,0.04977493032767445,0.05218923871654421,0.05175446535797542,0.0757954773027605,0.08026659748825095,0.08153764319257643,0.0862297847580522,0.047918134483002826,0.05524584572736922,0.0223727301918312
